DATE PM2p5 PM10 TEMP_MEAN H_TEMP L_TEMP CLOUD RAIN TEMP_Range SO2 O3 NO2 CO
20140101 25 117 4.0 7.9 0.3 2.1 0.0 7.6 0.01 0.013 0.032 0.6
20140102 19 52 1.5 6.2 -1.3 0.3 0 7.5 0.008 0.01 0.038 0.7
20140103 26 59 2.3 7.3 -1.1 4.6 0 8.4 0.008 0.004 0.055 0.9
20140104 20 44 -0.1 5.6 -3.7 0.9 0 9.3 0.006 0.009 0.034 0.6
20140105 22 42 -0.8 3.8 -4.3 2.1 0 8.1 0.006 0.007 0.037 0.7
20140106 37 66 0.8 6.4 -3.7 3.1 0 10.1 0.009 0.004 0.055 1.0
20140107 47 84 3.0 5.5 0.3 8.5 0.0 5.2 0.011 0.003 0.065 1.1
20140108 38 67 0.5 4.0 -5.7 7.4 0.0 9.7 0.008 0.012 0.035 0.7
20140109 7 20 -7.8 -4.3 -10.4 0.0 0 6.1 0.004 0.022 0.017 0.3
20140110 18 34 -4.7 -0.9 -9.3 3.1 0.0 8.4 0.007 0.007 0.04 0.6
20140111 27 50 -1.7 2.4 -5.4 4.5 0 7.8 0.008 0.006 0.049 0.8
20140112 28 58 -2.4 2.5 -7.7 2.5 0.0 10.2 0.008 0.014 0.034 0.7
20140113 11 27 -6.2 -1.6 -10.5 0.0 0 8.9 0.005 0.016 0.026 0.4
20140114 21 41 -4.3 1.1 -8.9 0.0 0 10.0 0.007 0.009 0.04 0.6
20140115 30 56 -2.9 2.2 -7.6 0.9 0 9.8 0.008 0.009 0.044 0.8
20140116 53 96 0.1 3.6 -4.0 6.8 0 7.6 0.011 0.003 0.059 1.1
20140117 64 117 -0.1 3.8 -3.7 1.8 0 7.5 0.009 0.005 0.058 1.3
20140118 25 57 -2.2 0.8 -4.9 0.4 0 5.7 0.007 0.019 0.025 0.6
20140119 25 48 -2.6 2.4 -7.4 4.9 0.0 9.8 0.008 0.01 0.036 0.6
20140120 34 63 -1.5 1.9 -4.2 9.6 5.3 6.1 0.006 0.008 0.037 0.7
20140121 63 103 -5.5 -3.1 -7.2 5.3 0.7 4.1 0.011 0.016 0.029 0.8
20140122 58 94 -3.9 1.6 -9.5 1.0 0 11.1 0.009 0.008 0.051 0.9
20140123 35 56 -0.8 4.1 -5.2 3.4 0 9.3 0.008 0.005 0.06 1.0
20140124 38 60 3.0 5.7 -1.1 8.5 0 6.8 0.008 0.003 0.061 1.0
20140125 30 50 4.2 6.3 -0.4 7.0 3.0 6.7 0.007 0.006 0.047 1.0
20140126 17 34 -2.1 2.3 -5.3 0.0 0 7.6 0.005 0.018 0.025 0.4
20140127 20 37 0.2 6.0 -5.4 1.6 0 11.4 0.007 0.005 0.05 0.7
20140128 13 30 1.5 4.6 -3.0 3.6 0.5 7.6 0.005 0.012 0.036 0.5
20140129 19 41 2.2 8.2 -5.3 4.3 0 13.5 0.006 0.005 0.055 0.8
20140130 20 39 4.0 6.5 -1.0 5.8 3.5 7.5 0.006 0.012 0.038 0.6
20140131 11 23 1.3 7.0 -4.3 1.0 0 11.3 0.005 0.012 0.033 0.5
20140201 14 25 4.9 6.0 3.7 9.6 11.0 2.3 0.005 0.005 0.041 0.7
20140202 13 20 4.9 6.5 2.8 8.9 0.5 3.7 0.004 0.008 0.033 0.7
20140203 14 61 -3.5 2.8 -8.2 2.6 0 11.0 0.004 0.021 0.017 0.4
20140204 11 33 -7.4 -3.7 -10.5 0.1 0 6.8 0.005 0.024 0.016 0.4
20140205 18 41 -4.8 0.3 -8.9 4.5 0 9.2 0.007 0.015 0.03 0.5
20140206 23 46 -1.3 4.5 -5.2 5.0 0 9.7 0.006 0.008 0.043 0.7
20140207 9 17 2.4 7.6 -2.0 8.4 0.0 9.6 0.005 0.017 0.026 0.4
20140208 6 10 0.2 2.5 -1.5 9.8 4.3 4.0 0.003 0.019 0.022 0.4
20140209 14 19 -1.6 0.7 -3.4 8.0 0.2 4.1 0.004 0.022 0.02 0.4
20140210 17 26 -0.1 4.4 -2.9 4.5 0.2 7.3 0.004 0.02 0.027 0.5
20140211 11 18 0.2 5.2 -3.8 0.8 0 9.0 0.004 0.017 0.03 0.4
20140212 13 22 1.2 5.1 -2.0 4.4 0.0 7.1 0.004 0.012 0.035 0.5
20140213 15 24 1.9 6.5 -2.1 5.6 0 8.6 0.005 0.014 0.036 0.5
20140214 11 18 2.7 7.6 -0.7 4.0 0 8.3 0.004 0.019 0.03 0.4
20140215 19 32 2.7 8.5 -1.9 0.4 0 10.4 0.005 0.015 0.039 0.6
20140216 34 59 2.8 8.1 -1.1 5.8 0 9.2 0.007 0.012 0.049 0.8
20140217 41 75 4.2 8.5 0.9 6.4 0 7.6 0.009 0.019 0.043 0.7
20140218 13 21 2.5 5.4 0.3 5.3 0 5.1 0.004 0.025 0.025 0.4
20140219 17 29 2.1 6.7 -1.9 3.5 0 8.6 0.005 0.014 0.036 0.4
20140220 36 65 1.2 5.5 -1.2 0.9 0 6.7 0.007 0.017 0.041 0.7
20140221 35 65 0.9 6.9 -4.0 0.0 0 10.9 0.007 0.021 0.04 0.7
20140222 51 91 2.2 7.4 -2.1 1.4 0 9.5 0.009 0.02 0.05 0.9
20140223 58 102 3.1 8.5 -1.8 0.0 0 10.3 0.009 0.02 0.048 0.9
20140224 84 155 4.1 9.3 -0.3 0.0 0 9.6 0.014 0.015 0.059 1.1
20140225 86 162 5.7 12.3 0.6 0.0 0 11.7 0.012 0.01 0.07 1.2
20140226 73 133 8.4 16.4 1.4 1.0 0 15.0 0.01 0.014 0.066 1.1
20140227 62 114 7.7 13.1 3.8 4.8 0 9.3 0.01 0.016 0.061 1.0
20140228 58 110 6.7 12.3 1.3 6.3 0 11.0 0.009 0.019 0.048 0.9
20140301 45 90 6.0 9.4 3.3 8.1 0 6.1 0.008 0.012 0.051 0.8
20140302 13 28 4.5 10.1 -0.2 0.6 0 10.3 0.005 0.026 0.022 0.4
20140303 26 57 5.2 11.9 -1.0 0.0 0 12.9 0.009 0.016 0.047 0.6
20140304 39 81 6.3 12.3 2.2 5.5 0 10.1 0.011 0.018 0.059 0.8
20140305 17 37 1.4 5.3 -1.4 0.5 0.0 6.7 0.005 0.031 0.017 0.4
20140306 15 32 0.3 5.0 -3.0 1.9 0.0 8.0 0.006 0.025 0.023 0.4
20140307 12 28 -0.6 4.3 -4.6 1.8 0 8.9 0.005 0.026 0.022 0.4
20140308 19 40 2.0 7.0 -2.2 5.1 0 9.2 0.007 0.017 0.037 0.5
20140309 18 34 1.4 4.8 -1.6 3.4 2.2 6.4 0.005 0.025 0.022 0.4
20140310 17 36 1.5 7.7 -3.6 0.0 0 11.3 0.006 0.02 0.031 0.4
20140311 26 47 4.5 9.4 -0.9 2.5 0 10.3 0.007 0.013 0.046 0.6
20140312 20 40 6.9 9.5 4.0 8.6 0.2 5.5 0.006 0.007 0.054 0.7
20140313 27 44 5.2 8.3 1.6 7.6 0.0 6.7 0.005 0.032 0.022 0.5
20140314 36 61 3.4 8.5 -1.5 1.0 0 10.0 0.005 0.031 0.035 0.5
20140315 44 90 6.8 13.4 0.1 1.1 0 13.3 0.008 0.031 0.038 0.6
20140316 44 93 11.3 18.5 5.7 3.0 0 12.8 0.008 0.037 0.035 0.6
20140317 31 62 12.6 19.4 6.9 6.5 0.5 12.5 0.006 0.024 0.04 0.6
20140318 36 120 10.5 16.0 7.7 6.3 0.4 8.3 0.005 0.027 0.033 0.5
20140319 35 117 9.6 12.3 7.4 7.1 0 4.9 0.006 0.017 0.044 0.6
20140320 25 62 6.3 10.3 2.8 6.8 0.4 7.5 0.005 0.022 0.033 0.5
20140321 15 30 5.9 12.0 1.2 0.3 0 10.8 0.004 0.027 0.025 0.4
20140322 24 54 8.6 15.5 2.3 1.0 0 13.2 0.007 0.023 0.041 0.5
20140323 39 78 9.6 15.5 4.6 0.0 0 10.9 0.009 0.037 0.038 0.6
20140324 28 54 10.9 15.3 4.6 5.9 0.0 10.7 0.007 0.031 0.042 0.5
20140325 26 52 14.6 18.2 11.9 10.0 0.0 6.3 0.006 0.025 0.037 0.4
20140326 33 63 15.4 21.9 11.8 5.4 0.0 10.1 0.007 0.019 0.046 0.5
20140327 42 81 13.5 20.4 7.7 0.9 0 12.7 0.009 0.018 0.06 0.7
20140328 51 105 16.6 23.8 11.3 5.5 0 12.5 0.008 0.043 0.038 0.7
20140329 27 51 15.0 18.0 13.2 9.5 3.5 4.8 0.006 0.026 0.043 0.5
20140330 23 35 14.9 20.6 10.2 2.9 0.0 10.4 0.004 0.038 0.023 0.5
20140331 28 61 14.5 20.2 8.8 3.1 0 11.4 0.006 0.017 0.053 0.6
20140401 27 66 15.6 23.0 9.5 2.4 0 13.5 0.006 0.019 0.057 0.6
20140402 26 59 15.5 21.9 9.9 4.3 0 12.0 0.007 0.024 0.055 0.5
20140403 26 54 10.2 13.6 5.5 8.0 0.5 8.1 0.006 0.02 0.046 0.5
20140404 10 21 6.6 11.7 2.3 3.8 0 9.4 0.004 0.03 0.022 0.3
20140405 17 40 6.2 11.0 3.5 3.5 0.0 7.5 0.004 0.026 0.028 0.4
20140406 13 37 7.4 12.8 2.3 0.5 0 10.5 0.004 0.034 0.017 0.3
20140407 22 63 10.3 16.7 4.9 3.4 0 11.8 0.007 0.029 0.035 0.5
20140408 21 46 11.9 19.7 5.7 0.0 0 14.0 0.007 0.022 0.047 0.5
20140409 36 66 10.3 15.3 7.0 5.8 0 8.3 0.005 0.016 0.052 0.6
20140410 33 60 12.5 20.0 7.2 5.9 0 12.8 0.005 0.022 0.048 0.5
20140411 34 67 13.6 18.7 10.1 5.3 0 8.6 0.006 0.023 0.048 0.6
20140412 36 73 14.3 17.2 11.1 9.4 0 6.1 0.006 0.011 0.055 0.7
20140413 40 73 17.2 24.3 13.2 6.4 0 11.1 0.006 0.032 0.042 0.6
20140414 35 66 16.3 22.4 12.1 0.5 0 10.3 0.007 0.028 0.05 0.6
20140415 38 71 12.9 16.8 9.3 4.1 0 7.5 0.007 0.021 0.044 0.5
20140416 71 146 14.0 19.4 10.0 6.8 0 9.4 0.009 0.022 0.047 0.8
20140417 46 85 14.7 20.9 8.4 6.9 3.0 12.5 0.007 0.025 0.051 0.7
20140418 34 63 15.9 23.0 12.0 4.3 0 11.0 0.005 0.03 0.038 0.5
20140419 24 44 14.0 18.4 11.4 7.9 0 7.0 0.004 0.034 0.025 0.4
20140420 23 40 14.6 21.6 10.0 3.1 0 11.6 0.005 0.045 0.02 0.3
20140421 27 54 15.1 21.4 9.8 3.9 0 11.6 0.006 0.038 0.034 0.5
20140422 27 55 16.0 23.3 9.6 2.1 0 13.7 0.006 0.033 0.041 0.5
20140423 45 81 17.2 24.9 10.4 0.0 0 14.5 0.009 0.038 0.047 0.7
20140424 59 106 18.6 26.2 12.1 0.6 0 14.1 0.008 0.036 0.047 0.7
20140425 36 63 19.0 25.9 12.3 0.4 0 13.6 0.007 0.03 0.06 0.6
20140426 28 54 18.7 25.4 13.3 7.9 0 12.1 0.007 0.027 0.054 0.5
20140427 16 26 15.6 18.3 13.6 10.0 8.5 4.7 0.004 0.033 0.022 0.3
20140428 8 11 13.6 15.0 12.2 10.0 13.5 2.8 0.004 0.031 0.02 0.3
20140429 7 13 15.0 18.9 11.9 9.3 5.5 7.0 0.004 0.039 0.02 0.3
20140430 12 25 16.1 21.4 11.4 5.9 0.0 10.0 0.004 0.033 0.026 0.3
20140501 22 50 16.0 22.1 10.4 0.0 0 11.7 0.006 0.034 0.032 0.4
20140502 36 76 15.7 24.8 11.1 6.0 1.0 13.7 0.007 0.038 0.033 0.6
20140503 14 26 13.1 19.3 8.0 1.3 0 11.3 0.005 0.033 0.02 0.3
20140504 17 37 12.3 20.5 8.5 5.8 0.2 12.0 0.006 0.03 0.028 0.4
20140505 15 36 11.3 15.5 6.8 1.3 0 8.7 0.004 0.038 0.014 0.3
20140506 16 39 13.1 19.0 7.6 0.0 0 11.4 0.006 0.032 0.024 0.4
20140507 19 43 15.7 22.3 8.7 6.4 2.0 13.6 0.006 0.037 0.03 0.4
20140508 19 33 14.5 19.5 11.5 5.4 4.0 8.0 0.004 0.037 0.024 0.4
20140509 22 40 16.8 23.8 9.8 0.3 0 14.0 0.006 0.025 0.04 0.5
20140510 19 34 20.5 28.3 12.9 0.6 0 15.4 0.005 0.03 0.041 0.5
20140511 16 29 18.9 23.8 15.9 8.3 23.0 7.9 0.004 0.049 0.016 0.3
20140512 24 40 16.4 20.4 13.6 5.9 10.0 6.8 0.006 0.047 0.019 0.5
20140513 43 88 19.2 25.6 11.9 1.9 0 13.7 0.01 0.054 0.03 0.7
20140514 37 75 19.6 25.9 15.3 3.4 0 10.6 0.009 0.065 0.028 0.5
20140515 22 47 18.2 23.7 14.5 2.6 0.3 9.2 0.005 0.044 0.024 0.4
20140516 21 51 19.0 26.2 12.3 1.0 0 13.9 0.007 0.031 0.037 0.5
20140517 27 56 20.0 26.2 14.3 3.6 0 11.9 0.009 0.034 0.046 0.6
20140518 27 50 20.3 27.1 13.7 1.8 0 13.4 0.007 0.042 0.036 0.5
20140519 29 57 20.0 26.2 14.1 4.4 0 12.1 0.008 0.029 0.046 0.5
20140520 26 70 21.5 28.4 16.1 5.6 0 12.3 0.006 0.033 0.038 0.4
20140521 22 54 20.1 26.5 15.9 2.4 0 10.6 0.005 0.035 0.025 0.3
20140522 25 46 20.9 28.3 13.6 0.5 0 14.7 0.006 0.034 0.039 0.4
20140523 36 70 22.0 27.8 17.6 3.0 0 10.2 0.007 0.033 0.037 0.5
20140524 32 65 21.3 27.9 16.9 7.8 0 11.0 0.006 0.034 0.034 0.5
20140525 25 47 20.5 24.9 18.3 10.0 21.0 6.6 0.005 0.037 0.021 0.4
20140526 21 77 19.4 24.7 16.5 4.4 1.5 8.2 0.005 0.043 0.023 0.4
20140527 41 147 22.8 28.3 16.7 0.8 0 11.6 0.009 0.063 0.028 0.5
20140528 53 164 24.0 29.8 19.9 1.5 0 9.9 0.007 0.07 0.036 0.6
20140529 45 120 23.2 30.9 17.5 0.9 0 13.4 0.008 0.056 0.037 0.6
20140530 22 69 24.8 31.8 17.3 0.1 0 14.5 0.008 0.038 0.049 0.5
20140531 40 109 26.2 33.3 20.5 1.3 0 12.8 0.008 0.053 0.045 0.5
20140601 36 86 24.7 29.9 20.4 8.0 0 9.5 0.007 0.051 0.03 0.4
20140602 36 79 22.6 24.6 20.6 10.0 2.0 4.0 0.005 0.02 0.046 0.5
20140603 13 24 18.7 21.0 17.5 8.6 33.0 3.5 0.004 0.028 0.024 0.3
20140604 10 19 22.8 27.8 18.7 6.5 0 9.1 0.004 0.045 0.014 0.3
20140605 10 18 22.9 26.1 20.4 7.6 0 5.7 0.004 0.04 0.019 0.3
20140606 14 27 24.4 31.1 18.8 1.4 0 12.3 0.004 0.037 0.025 0.3
20140607 18 34 23.5 27.1 19.7 6.0 0 7.4 0.006 0.032 0.035 0.4
20140608 19 31 21.4 24.5 19.2 8.0 0 5.3 0.005 0.04 0.018 0.3
20140609 22 38 22.9 28.7 18.5 5.9 0 10.2 0.005 0.028 0.032 0.4
20140610 18 31 23.6 29.3 20.0 6.3 5.5 9.3 0.004 0.03 0.031 0.4
20140611 11 20 20.5 26.9 18.3 9.1 19.0 8.6 0.004 0.02 0.029 0.3
20140612 14 25 21.2 27.1 17.3 6.8 0.1 9.8 0.004 0.028 0.025 0.3
20140613 30 51 21.3 25.8 18.4 6.4 0.0 7.4 0.005 0.038 0.028 0.4
20140614 21 35 22.5 27.7 18.3 3.9 0 9.4 0.006 0.046 0.024 0.4
20140615 24 39 23.2 28.5 19.5 4.5 0 9.0 0.005 0.054 0.019 0.3
20140616 19 33 23.9 29.0 19.1 6.6 0 9.9 0.006 0.032 0.031 0.4
20140617 44 69 24.5 30.7 21.5 7.8 3.5 9.2 0.007 0.046 0.033 0.6
20140618 34 54 24.4 29.1 20.5 5.4 0.1 8.6 0.005 0.05 0.025 0.5
20140619 29 48 22.5 25.6 20.8 8.0 0.0 4.8 0.004 0.039 0.02 0.4
20140620 30 50 24.2 28.6 20.7 9.1 1.5 7.9 0.004 0.037 0.024 0.5
20140621 15 24 23.1 28.2 19.8 8.8 8.5 8.4 0.004 0.035 0.021 0.4
20140622 13 20 23.7 29.0 20.2 8.0 0.4 8.8 0.004 0.033 0.019 0.4
20140623 18 30 21.0 23.2 19.4 7.8 24.5 3.8 0.004 0.022 0.032 0.5
20140624 22 38 22.9 27.2 19.4 4.8 0 7.8 0.005 0.03 0.028 0.4
20140625 29 47 23.8 29.0 20.2 6.3 0 8.8 0.005 0.035 0.031 0.5
20140626 28 45 24.4 29.5 20.2 5.9 0 9.3 0.005 0.037 0.026 0.4
20140627 20 32 24.1 29.5 20.6 5.4 0 8.9 0.004 0.03 0.023 0.3
20140628 21 35 23.8 28.4 21.3 7.1 0.0 7.1 0.005 0.053 0.016 0.3
20140629 19 31 24.1 29.8 20.9 6.9 0 8.9 0.005 0.05 0.019 0.4
20140630 20 32 25.3 30.2 21.2 3.4 0 9.0 0.006 0.037 0.03 0.4
20140701 28 42 26.0 31.2 21.1 3.6 0 10.1 0.006 0.046 0.031 0.5
20140702 40 68 25.7 31.1 22.1 8.4 20.5 9.0 0.006 0.047 0.025 0.5
20140703 14 22 22.6 24.7 21.4 9.6 2.0 3.3 0.004 0.027 0.02 0.4
20140704 11 18 26.8 32.3 21.6 4.1 0 10.7 0.004 0.034 0.022 0.3
20140705 18 30 25.7 29.7 22.3 6.1 0 7.4 0.005 0.027 0.038 0.4
20140706 16 23 25.7 29.5 23.0 6.4 0 6.5 0.004 0.029 0.023 0.3
20140707 18 31 27.1 33.8 20.8 2.5 0 13.0 0.004 0.044 0.028 0.4
20140708 17 27 25.9 29.3 23.7 7.6 0.2 5.6 0.005 0.027 0.029 0.4
20140709 11 20 27.6 33.0 25.6 9.4 0.5 7.4 0.004 0.011 0.024 0.4
20140710 15 30 28.9 33.6 24.6 6.3 0 9.0 0.004 0.028 0.019 0.3
20140711 33 57 27.1 32.8 23.0 2.3 0 9.8 0.007 0.06 0.022 0.6
20140712 43 68 25.3 29.6 22.9 7.4 0 6.7 0.006 0.053 0.021 0.5
20140713 32 52 25.4 29.4 23.0 7.8 0 6.4 0.005 0.039 0.016 0.4
20140714 45 72 26.4 30.7 22.8 4.8 0 7.9 0.006 0.049 0.019 0.5
20140715 51 84 26.8 32.3 23.9 7.0 0 8.4 0.005 0.049 0.023 0.5
20140716 29 48 26.6 32.2 23.5 5.6 0 8.7 0.005 0.041 0.023 0.4
20140717 13 21 25.9 29.6 23.6 8.4 0.2 6.0 0.005 0.027 0.021 0.3
20140718 10 15 26.1 30.6 22.6 7.6 1.5 8.0 0.005 0.026 0.025 0.3
20140719 27 42 27.0 30.7 24.7 9.0 0 6.0 0.005 0.023 0.023 0.3
20140720 32 52 27.9 33.2 24.6 6.4 0 8.6 0.005 0.034 0.019 0.4
20140721 31 50 27.3 31.6 24.4 6.0 0 7.2 0.006 0.023 0.025 0.4
20140722 11 18 25.9 28.2 24.6 9.8 16.5 3.6 0.005 0.007 0.015 0.3
20140723 10 17 23.6 25.2 21.7 10.0 55.0 3.5 0.004 0.013 0.028 0.4
20140724 7 11 21.9 24.5 19.1 9.3 48.0 5.4 0.004 0.02 0.029 0.4
20140725 8 16 27.5 33.7 22.1 9.5 59.5 11.6 0.004 0.014 0.021 0.3
20140726 20 34 22.6 27.3 20.8 9.3 2.5 6.5 0.004 0.047 0.013 0.4
20140727 50 75 25.0 30.6 21.4 4.0 0 9.2 0.004 0.064 0.018 0.5
20140728 39 60 26.6 31.3 21.6 5.0 0 9.7 0.004 0.041 0.031 0.6
20140729 24 37 26.5 30.1 23.4 5.4 0 6.7 0.005 0.042 0.025 0.4
20140730 16 26 28.6 33.5 25.0 6.5 0 8.5 0.004 0.024 0.023 0.4
20140731 16 26 28.6 34.4 25.8 6.8 1.5 8.6 0.005 0.014 0.028 0.4
20140801 9 16 30.2 34.7 24.7 4.9 0 10.0 0.004 0.018 0.022 0.3
20140802 7 12 31.4 35.8 28.7 8.0 0.0 7.1 0.004 0.02 0.013 0.2
20140803 5 9 26.5 30.5 24.1 9.6 13.0 6.4 0.004 0.021 0.012 0.2
20140804 7 11 26.4 29.6 24.7 9.0 6.5 4.9 0.004 0.019 0.021 0.3
20140805 29 46 26.6 29.2 25.0 8.0 0.0 4.2 0.005 0.032 0.022 0.4
20140806 26 43 24.4 26.2 22.5 10.0 10.5 3.7 0.004 0.028 0.033 0.5
20140807 21 38 24.7 27.1 22.6 7.9 0.2 4.5 0.004 0.013 0.037 0.5
20140808 10 19 26.1 30.6 21.9 2.1 0 8.7 0.004 0.028 0.018 0.3
20140809 12 19 26.5 31.6 22.3 4.6 0 9.3 0.004 0.044 0.014 0.3
20140810 6 11 23.4 27.7 19.6 8.3 42.5 8.1 0.004 0.03 0.013 0.3
20140811 13 24 23.7 28.6 18.3 4.5 0 10.3 0.004 0.027 0.02 0.3
20140812 37 57 25.8 30.4 22.3 5.6 0 8.1 0.005 0.049 0.023 0.4
20140813 43 68 24.2 26.7 22.5 9.4 0.0 4.2 0.005 0.019 0.035 0.6
20140814 16 26 22.3 24.2 21.4 9.3 0.5 2.8 0.004 0.021 0.029 0.4
20140815 18 30 24.9 29.6 20.9 5.3 0 8.7 0.004 0.028 0.027 0.4
20140816 21 37 26.1 31.8 22.2 5.1 0 9.6 0.005 0.029 0.028 0.4
20140817 17 29 24.0 25.0 22.9 9.6 3.0 2.1 0.004 0.016 0.028 0.4
20140818 6 10 22.3 24.4 20.9 10.0 11.5 3.5 0.004 0.022 0.018 0.3
20140819 9 16 22.3 25.3 20.4 9.8 4.5 4.9 0.004 0.012 0.03 0.4
20140820 17 31 24.8 28.0 22.4 9.9 0.5 5.6 0.005 0.013 0.036 0.5
20140821 9 15 23.1 24.6 21.8 9.6 46.5 2.8 0.004 0.013 0.027 0.4
20140822 43 67 24.7 28.2 21.8 7.9 15.0 6.4 0.006 0.038 0.025 0.6
20140823 45 72 25.2 29.7 22.8 7.6 0.5 6.9 0.006 0.033 0.025 0.6
20140824 34 55 25.6 30.7 20.7 8.1 0.1 10.0 0.005 0.032 0.027 0.5
20140825 26 41 25.9 28.6 24.1 9.3 0.0 4.5 0.004 0.027 0.022 0.5
20140826 7 12 25.4 29.6 21.6 6.3 11.5 8.0 0.004 0.032 0.021 0.3
20140827 5 9 24.6 28.6 21.1 6.6 0 7.5 0.004 0.022 0.019 0.3
20140828 9 17 25.1 30.7 19.8 1.6 0 10.9 0.004 0.025 0.025 0.3
20140829 14 25 25.2 30.1 21.0 4.5 6.5 9.1 0.004 0.024 0.034 0.4
20140830 12 21 24.6 30.7 19.9 2.4 0 10.8 0.004 0.027 0.026 0.4
20140831 14 23 24.1 29.0 20.7 6.3 0 8.3 0.004 0.023 0.029 0.4
20140901 18 29 24.1 29.7 20.4 6.1 1.5 9.3 0.004 0.027 0.036 0.5
20140902 11 19 23.1 27.7 19.3 8.5 6.0 8.4 0.004 0.017 0.029 0.4
20140903 4 6 19.1 20.6 17.4 9.8 57.5 3.2 0.004 0.019 0.022 0.3
20140904 9 15 22.4 27.6 18.0 3.6 0 9.6 0.004 0.024 0.024 0.3
20140905 15 24 23.8 29.0 20.0 5.5 0 9.0 0.005 0.024 0.033 0.4
20140906 20 32 25.2 30.8 20.3 3.5 0 10.5 0.005 0.031 0.029 0.4
20140907 27 44 25.3 31.3 19.8 2.6 0 11.5 0.004 0.034 0.024 0.5
20140908 31 48 24.8 30.2 20.6 2.6 0 9.6 0.005 0.035 0.02 0.5
20140909 34 54 23.3 28.2 19.9 4.6 0 8.3 0.005 0.039 0.02 0.5
20140910 14 25 22.4 28.9 16.7 0.1 0 12.2 0.004 0.027 0.03 0.4
20140911 20 34 23.3 29.2 17.5 2.4 0 11.7 0.004 0.026 0.031 0.4
20140912 21 36 21.3 26.6 18.6 6.9 0.1 8.0 0.004 0.016 0.042 0.5
20140913 12 20 23.1 28.3 18.6 2.0 0 9.7 0.004 0.022 0.026 0.4
20140914 8 15 23.0 28.4 18.2 5.8 0 10.2 0.004 0.027 0.019 0.3
20140915 20 34 23.1 27.5 20.6 7.9 0 6.9 0.005 0.035 0.026 0.4
20140916 13 33 21.3 27.0 15.8 6.1 0 11.2 0.005 0.025 0.029 0.3
20140917 18 45 20.2 22.6 17.6 7.9 0 5.0 0.005 0.013 0.038 0.4
20140918 10 20 20.6 27.0 16.2 3.3 0 10.8 0.004 0.016 0.03 0.4
20140919 13 27 21.4 28.4 14.9 0.9 0 13.5 0.005 0.018 0.041 0.4
20140920 17 30 21.6 28.1 15.4 0.8 0 12.7 0.005 0.024 0.039 0.4
20140921 17 29 20.2 25.6 17.5 4.5 0.0 8.1 0.005 0.02 0.036 0.4
20140922 16 27 21.4 27.9 15.0 0.6 0 12.9 0.004 0.022 0.035 0.4
20140923 13 23 23.0 29.0 18.1 5.6 0 10.9 0.004 0.022 0.032 0.4
20140924 10 17 20.3 23.8 18.0 8.4 6.5 5.8 0.004 0.019 0.027 0.4
20140925 12 21 22.2 27.7 17.7 3.9 0 10.0 0.005 0.02 0.036 0.4
20140926 14 26 21.0 24.2 18.6 7.8 0.0 5.6 0.004 0.015 0.032 0.4
20140927 16 29 21.4 25.1 18.3 5.8 0 6.8 0.005 0.024 0.027 0.4
20140928 24 40 21.7 24.7 19.2 8.9 0.5 5.5 0.005 0.017 0.029 0.5
20140929 25 45 19.4 20.7 17.7 8.5 16.0 3.0 0.004 0.01 0.037 0.6
20140930 10 20 18.9 23.7 15.4 3.0 0 8.3 0.004 0.016 0.021 0.4
20141001 13 24 19.2 24.4 14.9 5.9 0 9.5 0.004 0.019 0.024 0.3
20141002 18 31 18.1 20.1 17.1 8.6 9.0 3.0 0.005 0.012 0.033 0.5
20141003 14 22 16.1 20.8 13.4 4.1 0 7.4 0.004 0.024 0.021 0.6
20141004 10 19 16.9 23.0 11.6 1.1 0 11.4 0.004 0.019 0.021 0.4
20141005 9 17 17.1 23.2 12.5 1.3 0 10.7 0.004 0.03 0.014 0.3
20141006 10 19 16.6 22.6 10.5 1.0 0 12.1 0.004 0.022 0.024 0.3
20141007 16 28 16.1 22.5 11.6 1.6 0 10.9 0.005 0.016 0.035 0.4
20141008 19 34 16.7 23.6 10.0 2.3 0 13.6 0.005 0.015 0.046 0.5
20141009 24 40 18.6 25.4 12.4 1.3 0 13.0 0.005 0.023 0.045 0.5
20141010 21 39 19.0 26.3 12.5 0.3 0 13.8 0.004 0.022 0.031 0.5
20141011 16 29 19.4 25.6 13.6 0.0 0 12.0 0.004 0.027 0.023 0.4
20141012 16 30 21.2 29.0 13.9 3.9 0 15.1 0.004 0.02 0.03 0.4
20141013 9 23 17.4 21.7 11.0 2.6 0 10.7 0.004 0.026 0.015 0.3
20141014 10 24 13.8 20.0 8.5 0.1 0 11.5 0.004 0.018 0.024 0.3
20141015 17 32 13.8 20.0 8.9 2.1 0 11.1 0.005 0.019 0.038 0.5
20141016 15 36 13.2 18.0 9.3 3.5 2.5 8.7 0.005 0.022 0.029 0.4
20141017 14 32 13.6 21.2 6.6 0.6 0 14.6 0.005 0.013 0.04 0.5
20141018 18 38 15.5 22.5 9.4 0.0 0 13.1 0.006 0.009 0.049 0.6
20141019 30 56 17.0 22.7 11.2 6.0 0 11.5 0.006 0.019 0.043 0.6
20141020 20 30 14.4 17.1 12.9 10.0 21.5 4.2 0.005 0.011 0.037 0.6
20141021 8 12 13.8 15.7 11.9 10.0 18.5 3.8 0.004 0.014 0.025 0.4
20141022 10 15 13.6 18.7 10.4 5.1 0 8.3 0.004 0.018 0.022 0.4
20141023 16 27 13.8 20.6 8.5 1.0 0 12.1 0.005 0.011 0.039 0.5
20141024 23 38 15.1 21.0 9.9 4.5 0 11.1 0.006 0.01 0.045 0.7
20141025 25 45 16.5 22.2 12.9 3.1 0 9.3 0.006 0.012 0.043 0.7
20141026 20 35 16.0 19.9 11.6 6.0 0.5 8.3 0.005 0.019 0.027 0.5
20141027 14 42 10.7 16.9 6.1 0.4 0 10.8 0.005 0.021 0.024 0.3
20141028 24 59 10.2 19.4 2.7 0.0 0 16.7 0.005 0.008 0.048 0.6
20141029 30 60 12.1 20.8 4.9 2.0 0 15.9 0.006 0.005 0.069 0.8
20141030 34 63 14.2 20.8 7.7 5.0 0 13.1 0.006 0.004 0.077 1.0
20141031 24 42 15.0 18.2 12.8 9.5 0.2 5.4 0.005 0.011 0.056 0.7
20141101 21 38 17.3 22.9 15.1 7.1 0 7.8 0.005 0.019 0.037 0.5
20141102 29 56 12.0 15.4 7.1 4.9 2.5 8.3 0.005 0.036 0.014 0.4
20141103 12 37 9.3 14.8 3.8 0.5 0 11.0 0.005 0.02 0.022 0.3
20141104 13 29 11.3 18.5 5.4 0.0 0 13.1 0.005 0.008 0.042 0.6
20141105 17 32 12.4 18.4 6.4 3.3 0 12.0 0.006 0.011 0.045 0.6
20141106 27 54 13.5 17.7 9.5 4.5 0.5 8.2 0.007 0.016 0.042 0.7
20141107 19 50 9.8 16.5 5.1 2.4 0 11.4 0.006 0.008 0.043 0.6
20141108 29 62 9.9 15.1 6.9 7.6 0 8.2 0.006 0.003 0.053 0.8
20141109 26 58 10.0 15.5 6.3 0.9 0 9.2 0.006 0.018 0.034 0.6
20141110 27 56 9.4 16.5 3.5 0.0 0 13.0 0.006 0.01 0.055 0.9
20141111 37 69 9.4 14.5 4.6 4.6 2.0 9.9 0.006 0.009 0.06 0.9
20141112 15 41 6.0 10.0 -1.3 4.5 5.0 11.3 0.005 0.024 0.016 0.4
20141113 9 77 -0.2 4.3 -3.1 0.9 0 7.4 0.004 0.022 0.016 0.3
20141114 14 30 4.2 10.0 -1.4 2.1 0.0 11.4 0.006 0.011 0.04 0.5
20141115 16 33 4.1 9.5 -0.5 3.1 0 10.0 0.006 0.012 0.034 0.6
20141116 23 44 6.6 12.4 2.6 6.4 1.0 9.8 0.007 0.009 0.045 0.7
20141117 20 31 6.2 9.0 3.8 3.5 1.5 5.2 0.005 0.017 0.03 0.6
20141118 21 35 5.0 10.4 1.7 0.0 0 8.7 0.005 0.013 0.037 0.6
20141119 30 53 5.6 12.6 -0.6 2.3 0 13.2 0.006 0.008 0.053 0.9
20141120 34 62 7.9 14.6 2.7 1.6 0 11.9 0.007 0.007 0.059 1.0
20141121 32 57 11.3 16.5 5.9 5.3 0 10.6 0.007 0.009 0.055 0.8
20141122 25 42 11.0 12.7 8.0 8.4 4.0 4.7 0.005 0.007 0.051 0.7
20141123 34 65 9.0 12.3 6.3 8.9 0 6.0 0.005 0.009 0.036 0.7
20141124 35 66 9.8 13.2 8.0 9.9 0 5.2 0.006 0.004 0.045 0.8
20141125 17 31 10.2 15.1 6.6 5.6 0 8.5 0.005 0.016 0.03 0.6
20141126 16 28 11.0 16.3 8.2 3.5 0 8.1 0.005 0.016 0.034 0.5
20141127 25 47 10.4 14.9 6.7 4.6 0 8.2 0.006 0.004 0.052 0.9
20141128 16 25 8.8 10.1 6.5 8.8 18.0 3.6 0.004 0.006 0.038 0.6
20141129 11 18 8.3 12.8 5.5 4.4 0 7.3 0.004 0.008 0.031 0.6
20141130 9 14 9.1 11.1 7.2 9.4 7.0 3.9 0.004 0.01 0.027 0.6
20141201 11 41 -1.1 7.9 -7.2 4.8 0.5 15.1 0.004 0.022 0.013 0.4
20141202 13 92 -5.4 -2.7 -8.2 1.0 0.0 5.5 0.005 0.017 0.017 0.4
20141203 12 24 -3.3 -0.5 -6.5 6.3 0.9 6.0 0.005 0.011 0.03 0.5
20141204 13 43 -4.6 -0.2 -7.4 0.9 0.0 7.2 0.006 0.017 0.022 0.4
20141205 11 30 -6.6 -2.5 -10.1 0.0 0 7.6 0.006 0.019 0.018 0.4
20141206 12 32 -5.6 -0.5 -8.8 0.6 0 8.3 0.006 0.018 0.02 0.4
20141207 19 43 -3.4 0.2 -8.2 7.4 0 8.4 0.007 0.007 0.035 0.6
20141208 20 38 -1.6 2.7 -4.8 1.1 0 7.5 0.006 0.012 0.033 0.6
20141209 24 48 -2.4 4.1 -7.4 2.3 0 11.5 0.007 0.008 0.045 0.8
20141210 29 51 1.6 4.2 -1.9 9.4 2.0 6.1 0.007 0.003 0.057 1.0
20141211 23 48 -1.5 3.2 -5.2 4.8 0.5 8.4 0.006 0.013 0.027 0.6
20141212 22 38 -3.8 0.5 -7.0 3.6 0.1 7.5 0.006 0.011 0.034 0.6
20141213 13 29 -5.2 -2.0 -7.3 0.0 0 5.3 0.006 0.017 0.018 0.4
20141214 18 33 -3.6 0.6 -8.6 4.8 0.0 9.2 0.007 0.008 0.034 0.7
20141215 24 42 -0.1 2.0 -1.7 8.1 10.5 3.7 0.005 0.003 0.042 0.8
20141216 17 31 -4.9 1.7 -9.4 3.4 0.0 11.1 0.006 0.016 0.02 0.5
20141217 7 20 -9.0 -5.2 -11.1 1.0 0 5.9 0.005 0.021 0.014 0.4
20141218 15 27 -8.3 -2.2 -13.2 0.0 0 11.0 0.006 0.013 0.033 0.6
20141219 24 42 -3.8 0.0 -8.1 7.4 0.9 8.1 0.006 0.003 0.05 0.9
20141220 15 27 -1.7 2.1 -6.6 3.6 2.0 8.7 0.006 0.014 0.027 0.5
20141221 11 20 -6.4 -1.3 -9.0 1.5 0.0 7.7 0.005 0.013 0.021 0.5
20141222 17 28 -4.7 0.8 -9.7 3.3 0.3 10.5 0.006 0.007 0.039 0.7
20141223 25 42 -1.3 1.8 -5.7 6.1 0 7.5 0.007 0.003 0.055 1.1
20141224 29 51 1.7 6.4 -3.1 3.8 0.2 9.5 0.008 0.012 0.045 1.0
20141225 15 27 -2.6 1.8 -5.9 0.0 0 7.7 0.006 0.02 0.021 0.5
20141226 18 34 -3.2 2.5 -7.4 0.4 0 9.9 0.006 0.011 0.036 0.6
20141227 30 51 -1.8 5.0 -6.3 3.5 0 11.3 0.007 0.005 0.053 1.0
20141228 33 54 -0.8 1.6 -3.6 7.5 0 5.2 0.007 0.004 0.059 1.2
20141229 62 111 2.9 6.4 -0.5 5.8 0 6.9 0.012 0.006 0.057 1.2
20141230 50 106 1.9 6.3 -1.6 0.3 0 7.9 0.009 0.01 0.048 1.1
20141231 16 37 -1.9 1.7 -6.9 4.1 0.0 8.6 0.006 0.015 0.029 0.6
20150101 13 66 -7.7 -4.3 -9.8 0.8 0 5.5 0.005 0.019 0.012 0.4
20150102 13 29 -6.0 -1.9 -9.0 1.9 0 7.1 0.006 0.016 0.021 0.5
20150103 20 37 -2.7 3.1 -9.2 3.9 0 12.3 0.007 0.006 0.04 0.7
20150104 23 42 2.5 8.5 0.2 4.3 0.0 8.3 0.007 0.005 0.045 0.8
20150105 40 76 3.7 7.9 -1.1 7.1 0.4 9.0 0.008 0.004 0.055 1.1
20150106 16 39 -3.2 4.0 -7.6 2.6 3.0 11.6 0.005 0.021 0.021 0.5
20150107 12 34 -5.5 -0.6 -8.9 0.3 0 8.3 0.006 0.019 0.023 0.4
20150108 20 44 -5.1 -0.2 -9.5 0.0 0 9.3 0.006 0.01 0.038 0.6
20150109 27 49 -2.1 3.5 -6.8 0.6 0 10.3 0.007 0.006 0.049 0.9
20150110 20 37 -0.3 4.8 -5.6 0.6 0 10.4 0.008 0.011 0.041 0.7
20150111 22 44 -0.4 2.5 -4.3 1.3 0 6.8 0.008 0.018 0.024 0.6
20150112 23 43 -2.7 3.7 -7.3 0.0 0 11.0 0.007 0.011 0.039 0.7
20150113 31 58 0.2 5.8 -5.1 5.4 0 10.9 0.008 0.005 0.056 1.0
20150114 38 72 2.5 6.1 -0.3 9.0 0 6.4 0.009 0.004 0.061 1.1
20150115 33 62 2.8 9.0 -1.1 2.6 0 10.1 0.008 0.007 0.054 0.9
20150116 45 82 0.8 3.4 -2.5 8.1 0.3 5.9 0.007 0.014 0.035 0.8
20150117 17 35 -4.1 0.0 -7.7 0.3 0 7.7 0.006 0.02 0.022 0.4
20150118 17 33 -1.3 2.1 -6.5 7.6 4.0 8.6 0.006 0.008 0.037 0.6
20150119 32 63 -0.1 3.1 -4.0 1.6 0.1 7.1 0.007 0.018 0.026 0.7
20150120 25 48 -0.9 4.4 -6.4 4.6 0 10.8 0.006 0.007 0.044 0.7
20150121 32 60 2.6 6.5 -1.2 8.8 0 7.7 0.007 0.004 0.052 0.9
20150122 25 46 3.1 7.1 0.8 5.1 0 6.3 0.007 0.009 0.043 0.8
20150123 25 43 1.2 4.9 -1.6 3.4 0 6.5 0.007 0.01 0.042 0.8
20150124 29 53 3.7 8.4 0.8 6.3 0 7.6 0.008 0.011 0.047 0.7
20150125 34 60 3.0 5.0 1.1 9.5 3.0 3.9 0.006 0.006 0.043 0.8
20150126 26 40 3.6 6.5 0.2 8.4 0.5 6.3 0.005 0.014 0.033 0.7
20150127 25 48 -3.6 0.5 -7.4 1.1 0 7.9 0.006 0.02 0.021 0.5
20150128 18 44 -4.1 2.7 -9.1 1.6 0 11.8 0.006 0.013 0.033 0.5
20150129 26 50 -1.1 3.0 -4.6 9.3 0 7.6 0.006 0.004 0.046 0.8
20150130 19 39 -3.3 0.8 -7.0 3.3 0 7.8 0.006 0.019 0.024 0.5
20150131 19 41 -4.5 0.8 -8.5 0.0 0 9.3 0.006 0.016 0.03 0.5
20150201 17 31 -3.0 3.6 -8.2 0.3 0 11.8 0.006 0.013 0.036 0.6
20150202 23 43 -0.6 6.4 -5.3 2.4 0 11.7 0.006 0.006 0.053 0.8
20150203 33 61 0.6 7.2 -3.5 3.9 0 10.7 0.008 0.005 0.062 1.0
20150204 47 79 0.4 5.8 -3.1 3.4 0 8.9 0.009 0.011 0.057 1.1
20150205 52 93 -0.1 4.8 -3.8 0.0 0 8.6 0.011 0.021 0.04 0.9
20150206 29 53 0.4 6.5 -4.3 2.1 0 10.8 0.008 0.014 0.045 0.7
20150207 25 46 1.2 5.7 -2.7 6.5 0 8.4 0.008 0.014 0.044 0.7
20150208 15 101 -9.8 -2.8 -11.9 0.0 0 9.1 0.004 0.026 0.01 0.3
20150209 17 40 -5.7 -0.1 -13.0 3.4 0.2 12.9 0.006 0.015 0.028 0.5
20150210 47 98 1.7 5.8 -2.0 4.6 0 7.8 0.013 0.01 0.046 0.9
20150211 45 88 2.7 8.0 -0.8 5.0 0 8.8 0.009 0.013 0.048 0.9
20150212 13 35 -2.2 1.6 -4.7 0.0 0 6.3 0.006 0.026 0.02 0.4
20150213 16 31 -1.6 4.0 -6.4 0.0 0 10.4 0.006 0.021 0.029 0.4
20150214 30 56 2.0 6.6 -3.1 6.5 0 9.7 0.007 0.009 0.052 0.8
20150215 39 78 7.9 13.0 3.2 8.3 0 9.8 0.008 0.021 0.041 0.7
20150216 24 41 5.0 7.9 4.1 10.0 10.5 3.8 0.005 0.017 0.037 0.6
20150217 36 65 1.9 4.1 0.5 9.4 0.5 3.6 0.006 0.023 0.025 0.7
20150218 42 62 0.8 3.3 -1.5 7.0 0.0 4.8 0.006 0.024 0.024 0.7
20150219 39 62 2.2 8.6 -2.7 1.4 0 11.3 0.006 0.015 0.037 0.8
20150220 33 51 5.2 11.4 -1.3 5.1 0 12.7 0.006 0.017 0.039 0.8
20150221 16 24 5.7 6.7 4.8 9.8 8.0 1.9 0.005 0.013 0.037 0.6
20150222 33 249 3.5 7.0 -0.7 6.3 2.5 7.7 0.005 0.018 0.023 0.5
20150223 66 569 0.9 5.9 -2.4 2.9 0 8.3 0.004 0.019 0.023 0.5
20150224 27 108 2.1 7.5 -1.1 2.9 0 8.6 0.005 0.016 0.034 0.6
20150225 26 72 5.4 12.5 0.2 7.8 0.5 12.3 0.007 0.015 0.041 0.6
20150226 17 34 1.2 4.7 -3.5 4.6 0.5 8.2 0.005 0.028 0.018 0.4
20150227 17 31 -1.3 4.8 -5.6 2.4 0 10.4 0.005 0.024 0.02 0.4
20150228 23 43 2.7 6.4 -2.0 8.6 0 8.4 0.006 0.01 0.042 0.6
20150301 28 99 2.4 5.9 -0.2 6.1 0.0 6.1 0.005 0.025 0.022 0.5
20150302 24 90 3.9 9.7 -1.9 1.6 0 11.6 0.007 0.016 0.038 0.6
20150303 24 52 2.8 6.7 -1.3 9.4 5.5 8.0 0.006 0.021 0.036 0.5
20150304 17 42 -2.1 1.4 -4.6 0.8 0 6.0 0.005 0.03 0.015 0.4
20150305 25 41 -0.3 5.5 -5.4 3.9 0 10.9 0.005 0.018 0.035 0.5
20150306 27 46 2.9 10.4 -3.2 0.5 0 13.6 0.007 0.01 0.051 0.7
20150307 28 51 4.2 11.0 -2.3 0.0 0 13.3 0.007 0.015 0.052 0.8
20150308 47 86 7.7 15.1 0.4 3.8 0 14.7 0.009 0.021 0.052 0.8
20150309 33 71 2.2 8.2 -5.4 4.0 0 13.6 0.007 0.031 0.025 0.5
20150310 11 32 -3.4 1.0 -6.9 0.0 0 7.9 0.005 0.029 0.013 0.3
20150311 17 40 0.4 7.5 -5.1 1.4 0 12.6 0.006 0.026 0.025 0.4
20150312 12 32 2.1 6.7 -3.5 2.1 0 10.2 0.006 0.025 0.026 0.4
20150313 20 43 5.6 11.0 1.8 1.8 0.1 9.2 0.006 0.026 0.031 0.5
20150314 19 38 4.3 11.6 -1.2 2.0 0 12.8 0.006 0.021 0.037 0.5
20150315 24 43 5.5 12.5 0.0 1.8 0 12.5 0.008 0.016 0.047 0.7
20150316 43 92 9.8 18.6 1.3 2.0 0 17.3 0.008 0.014 0.06 0.8
20150317 65 130 10.7 16.1 6.9 7.9 0.0 9.2 0.011 0.006 0.08 1.1
20150318 40 76 10.7 14.4 8.4 9.8 1.5 6.0 0.006 0.019 0.04 0.7
20150319 27 54 12.4 21.0 6.5 2.6 0 14.5 0.006 0.019 0.042 0.6
20150320 35 101 13.4 21.9 7.6 4.8 0 14.3 0.008 0.017 0.055 0.8
20150321 58 171 11.7 17.8 6.9 0.5 0 10.9 0.013 0.029 0.055 0.9
20150322 43 147 8.3 14.9 2.2 0.0 0 12.7 0.008 0.028 0.031 0.7
20150323 15 56 4.6 10.1 0.0 0.4 0 10.1 0.005 0.032 0.018 0.4
20150324 18 43 5.4 12.4 -0.9 0.0 0 13.3 0.006 0.021 0.035 0.4
20150325 21 42 6.5 14.2 0.1 0.0 0 14.1 0.006 0.016 0.045 0.5
20150326 22 46 7.9 14.8 1.6 0.0 0 13.2 0.007 0.019 0.048 0.5
20150327 26 53 9.1 16.2 3.2 0.0 0 13.0 0.008 0.02 0.05 0.5
20150328 22 45 9.7 17.0 2.5 3.3 0 14.5 0.008 0.026 0.049 0.6
20150329 31 71 10.5 16.5 7.0 5.0 0 9.5 0.007 0.028 0.032 0.5
20150330 46 151 13.2 20.8 5.9 2.0 0 14.9 0.007 0.022 0.047 0.7
20150331 51 109 12.9 14.9 10.0 8.9 2.5 4.9 0.007 0.021 0.047 0.7
20150401 15 23 12.9 17.6 10.0 7.1 2.5 7.6 0.004 0.026 0.023 0.5
20150402 12 22 14.8 21.8 8.5 8.4 28.0 13.3 0.004 0.026 0.02 0.4
20150403 19 33 10.6 15.1 6.9 6.1 3.5 8.2 0.005 0.014 0.032 0.7
20150404 8 14 13.5 18.5 8.9 8.0 0.0 9.6 0.004 0.031 0.02 0.4
20150405 10 17 10.5 12.2 10.1 10.0 0.5 2.1 0.004 0.02 0.024 0.4
20150406 21 60 10.3 15.4 6.9 8.8 0 8.5 0.004 0.019 0.027 0.4
20150407 16 40 8.4 12.2 5.5 7.6 0.0 6.7 0.004 0.02 0.024 0.4
20150408 15 29 8.3 13.7 3.5 3.8 0 10.2 0.004 0.025 0.026 0.4
20150409 25 49 9.6 16.3 3.8 2.8 0 12.5 0.006 0.019 0.048 0.5
20150410 27 55 11.6 19.2 4.6 0.1 0 14.6 0.007 0.028 0.043 0.5
20150411 33 68 13.5 20.7 6.7 0.4 0 14.0 0.007 0.025 0.048 0.6
20150412 26 48 14.9 20.4 9.1 7.9 0 11.3 0.005 0.034 0.032 0.5
20150413 14 26 12.0 17.6 7.4 9.0 6.5 10.2 0.004 0.045 0.015 0.3
20150414 14 19 6.9 8.0 5.8 10.0 10.5 2.2 0.004 0.033 0.026 0.4
20150415 27 44 11.1 17.0 5.6 4.4 1.0 11.4 0.006 0.035 0.032 0.5
20150416 29 78 9.9 14.8 6.9 4.6 7.0 7.9 0.006 0.029 0.035 0.5
20150417 16 69 10.5 16.1 4.8 0.3 0 11.3 0.005 0.027 0.033 0.4
20150418 18 57 15.2 23.7 5.2 5.0 0.0 18.5 0.006 0.015 0.051 0.6
20150419 14 29 14.5 17.3 11.2 9.9 12.0 6.1 0.004 0.024 0.029 0.4
20150420 8 14 12.2 16.8 10.3 6.0 5.5 6.5 0.004 0.032 0.026 0.4
20150421 21 43 14.0 20.9 7.7 1.8 0 13.2 0.006 0.024 0.041 0.5
20150422 33 71 14.2 20.7 9.3 2.8 0.0 11.4 0.008 0.036 0.04 0.6
20150423 32 63 14.5 20.1 8.0 3.5 0 12.1 0.007 0.03 0.042 0.6
20150424 31 72 15.7 22.8 10.4 0.9 0 12.4 0.006 0.044 0.032 0.5
20150425 20 59 15.9 23.0 9.2 0.0 0 13.8 0.006 0.021 0.043 0.5
20150426 27 58 17.3 24.4 9.9 0.0 0 14.5 0.008 0.038 0.034 0.5
20150427 31 63 18.5 24.9 12.7 1.0 0 12.2 0.008 0.04 0.04 0.5
20150428 24 48 20.3 26.9 12.3 7.1 0.0 14.6 0.006 0.024 0.046 0.5
20150429 26 42 17.0 18.4 15.8 9.0 3.5 2.6 0.005 0.018 0.033 0.4
20150430 18 31 21.2 28.3 15.1 2.8 0 13.2 0.005 0.025 0.035 0.4
20150501 24 42 21.0 27.2 15.9 0.0 0 11.3 0.006 0.029 0.04 0.5
20150502 23 37 20.7 26.0 15.8 7.1 0.5 10.2 0.006 0.025 0.034 0.4
20150503 17 25 18.3 19.6 17.1 8.9 3.5 2.5 0.004 0.018 0.021 0.4
20150504 15 49 16.1 20.1 12.5 1.6 0 7.6 0.004 0.028 0.019 0.3
20150505 12 38 14.2 19.9 8.3 0.1 0 11.6 0.006 0.032 0.023 0.3
20150506 15 45 15.4 22.0 9.8 6.8 0 12.2 0.007 0.028 0.039 0.4
20150507 17 42 16.5 24.0 10.6 6.0 0 13.4 0.006 0.024 0.046 0.5
20150508 27 54 16.7 22.7 11.7 8.6 0 11.0 0.007 0.027 0.039 0.5
20150509 20 40 17.6 24.0 12.6 4.6 0 11.4 0.006 0.038 0.027 0.4
20150510 18 40 19.1 25.9 13.5 2.6 0 12.4 0.005 0.03 0.028 0.4
20150511 19 41 18.4 24.1 14.4 8.0 14.0 9.7 0.005 0.029 0.029 0.4
20150512 16 38 13.3 17.5 10.3 7.4 9.5 7.2 0.005 0.038 0.016 0.4
20150513 22 66 17.4 21.4 11.8 1.8 0.0 9.6 0.006 0.046 0.022 0.4
20150514 27 57 20.4 26.6 15.3 4.8 0 11.3 0.006 0.044 0.026 0.4
20150515 47 97 19.1 23.7 16.3 6.3 0 7.4 0.006 0.036 0.03 0.6
20150516 24 50 18.0 25.2 11.6 0.4 0 13.6 0.006 0.038 0.032 0.5
20150517 30 53 18.6 25.2 11.7 4.8 0 13.5 0.007 0.045 0.029 0.5
20150518 21 42 17.7 22.2 13.7 8.4 0 8.5 0.006 0.029 0.037 0.4
20150519 29 49 14.8 16.2 13.0 9.4 1.0 3.2 0.005 0.036 0.025 0.5
20150520 17 40 16.3 21.9 10.6 2.0 0 11.3 0.005 0.031 0.023 0.4
20150521 21 42 18.7 26.0 12.6 2.5 0 13.4 0.007 0.037 0.031 0.4
20150522 26 51 20.0 27.2 13.7 2.9 0 13.5 0.008 0.039 0.037 0.5
20150523 21 42 20.6 28.3 13.6 1.9 0 14.7 0.006 0.034 0.039 0.5
20150524 16 31 21.0 28.5 14.0 0.0 0 14.5 0.005 0.037 0.029 0.4
20150525 23 41 20.8 28.7 14.4 0.0 0 14.3 0.007 0.034 0.033 0.4
20150526 21 39 21.5 30.3 14.1 0.1 0 16.2 0.006 0.028 0.039 0.4
20150527 20 36 23.2 31.5 14.4 2.0 0 17.1 0.005 0.028 0.047 0.4
20150528 21 41 24.3 32.2 16.7 2.8 0 15.5 0.006 0.039 0.046 0.4
20150529 25 47 23.8 29.8 18.5 7.3 0 11.3 0.007 0.029 0.046 0.4
20150530 23 38 19.8 23.2 17.0 6.1 0.4 6.2 0.005 0.024 0.03 0.3
20150531 25 42 22.1 30.4 15.3 3.0 0 15.1 0.005 0.035 0.026 0.4
20150601 21 37 21.7 28.5 15.8 5.6 0 12.7 0.008 0.035 0.037 0.4
20150602 21 36 23.1 29.8 18.1 7.8 0 11.7 0.006 0.036 0.033 0.4
20150603 14 42 23.3 29.4 17.1 2.6 0 12.3 0.004 0.038 0.015 0.3
20150604 17 39 24.2 31.5 17.1 4.6 0 14.4 0.006 0.037 0.037 0.5
20150605 17 31 19.1 22.0 17.5 9.3 1.0 4.5 0.005 0.032 0.033 0.4
20150606 17 31 22.4 28.9 16.4 3.5 0 12.5 0.005 0.043 0.023 0.3
20150607 18 31 23.4 31.5 18.7 3.4 0 12.8 0.005 0.05 0.017 0.4
20150608 22 37 22.4 27.8 18.2 7.9 0 9.6 0.006 0.038 0.026 0.4
20150609 26 43 22.2 28.1 18.8 4.1 0 9.3 0.005 0.036 0.021 0.4
20150610 27 48 25.3 34.9 17.6 2.6 0 17.3 0.005 0.039 0.033 0.4
20150611 24 40 24.6 30.2 20.7 7.3 7.5 9.5 0.005 0.034 0.027 0.4
20150612 25 44 23.6 29.9 19.4 5.8 0.5 10.5 0.005 0.046 0.022 0.4
20150613 34 73 24.7 30.9 20.1 7.1 0.5 10.8 0.006 0.048 0.023 0.5
20150614 18 30 22.8 27.7 17.8 5.3 15.5 9.9 0.004 0.05 0.015 0.4
20150615 23 37 24.2 30.6 19.6 6.3 0 11.0 0.004 0.041 0.025 0.4
20150616 28 47 25.0 30.9 20.0 4.6 0 10.9 0.005 0.035 0.032 0.5
20150617 28 44 23.4 30.8 20.2 5.4 9.5 10.6 0.005 0.036 0.03 0.5
20150618 17 27 24.8 31.3 19.6 7.1 3.0 11.7 0.004 0.037 0.018 0.3
20150619 14 23 24.5 29.9 20.0 5.8 0 9.9 0.004 0.04 0.019 0.3
20150620 24 38 19.6 22.6 17.0 7.5 44.5 5.6 0.005 0.024 0.029 0.5
20150621 13 22 22.4 29.6 15.6 0.9 0 14.0 0.004 0.035 0.019 0.4
20150622 19 30 24.0 29.1 19.4 3.8 0 9.7 0.006 0.031 0.032 0.4
20150623 22 34 24.7 31.0 19.7 2.9 0 11.3 0.006 0.041 0.028 0.4
20150624 26 40 25.7 30.6 21.1 6.1 0 9.5 0.006 0.041 0.031 0.5
20150625 26 39 24.8 29.1 21.0 8.9 2.0 8.1 0.005 0.032 0.029 0.4
20150626 8 11 21.0 25.3 18.0 9.6 12.5 7.3 0.004 0.035 0.015 0.3
20150627 8 12 25.2 31.1 19.2 3.1 0 11.9 0.004 0.036 0.017 0.3
20150628 13 23 25.4 31.1 21.0 3.0 0 10.1 0.005 0.035 0.022 0.4
20150629 15 23 25.7 30.6 21.2 6.8 0.0 9.4 0.006 0.038 0.024 0.3
20150630 19 31 24.4 29.2 21.9 9.1 2.5 7.3 0.005 0.031 0.027 0.4
20150701 19 34 23.7 27.9 21.0 4.4 0.5 6.9 0.005 0.04 0.017 0.4
20150702 31 50 23.7 29.3 20.4 4.6 0 8.9 0.005 0.05 0.017 0.5
20150703 22 38 23.3 28.3 19.2 2.1 0 9.1 0.005 0.033 0.022 0.4
20150704 18 30 24.1 29.9 18.2 1.9 0 11.7 0.005 0.039 0.026 0.4
20150705 20 33 24.2 29.6 20.1 5.1 0 9.5 0.006 0.041 0.021 0.4
20150706 17 29 25.3 32.5 20.2 3.9 0 12.3 0.005 0.033 0.027 0.4
20150707 20 33 25.6 29.7 21.4 7.6 0 8.3 0.005 0.03 0.03 0.4
20150708 5 9 23.4 26.3 20.7 9.4 0.5 5.6 0.004 0.032 0.015 0.3
20150709 6 11 26.5 31.8 22.1 6.8 0 9.7 0.004 0.028 0.016 0.3
20150710 12 20 29.2 34.3 23.6 5.6 0 10.7 0.004 0.028 0.026 0.4
20150711 17 26 30.4 36.0 25.7 7.5 0.0 10.3 0.004 0.03 0.031 0.4
20150712 6 9 24.8 28.0 24.0 10.0 29.0 4.0 0.004 0.011 0.011 0.3
20150713 21 31 23.1 24.9 21.4 9.5 10.0 3.5 0.004 0.03 0.014 0.4
20150714 38 63 26.1 31.4 22.5 5.0 0 8.9 0.005 0.048 0.025 0.5
20150715 29 47 27.9 33.9 22.7 3.3 0 11.2 0.005 0.034 0.023 0.5
20150716 5 11 24.7 28.9 20.6 3.9 0 8.3 0.004 0.027 0.011 0.2
20150717 5 11 23.6 28.6 18.4 6.1 0 10.2 0.004 0.025 0.015 0.2
20150718 18 28 24.3 27.8 22.3 9.9 0.5 5.5 0.005 0.025 0.024 0.3
20150719 16 24 25.1 29.8 21.3 8.6 5.0 8.5 0.004 0.029 0.018 0.4
20150720 13 21 27.5 31.2 24.4 8.5 0 6.8 0.004 0.012 0.023 0.4
20150721 16 26 27.0 29.6 24.6 9.5 11.0 5.0 0.004 0.013 0.026 0.4
20150722 20 32 27.7 31.7 25.3 8.5 1.0 6.4 0.005 0.018 0.035 0.5
20150723 18 27 26.9 32.1 24.9 9.5 16.0 7.2 0.005 0.015 0.03 0.4
20150724 9 15 24.7 25.4 22.6 10.0 26.5 2.8 0.004 0.012 0.026 0.4
20150725 11 19 25.0 26.4 24.4 10.0 80.0 2.0 0.004 0.013 0.018 0.3
20150726 10 17 26.0 30.0 23.5 8.4 40.5 6.5 0.004 0.013 0.014 0.3
20150727 16 26 26.2 30.0 24.4 8.4 1.5 5.6 0.005 0.008 0.021 0.3
20150728 23 34 27.7 31.2 24.6 7.3 0.0 6.6 0.005 0.022 0.021 0.4
20150729 27 38 26.7 28.8 24.8 8.4 4.0 4.0 0.005 0.023 0.025 0.5
20150730 47 69 28.6 33.1 25.5 6.9 0 7.6 0.005 0.043 0.019 0.5
20150731 40 57 27.9 32.4 26.2 6.6 0 6.2 0.005 0.041 0.022 0.4
20150801 32 47 28.2 31.6 26.0 6.9 0 5.6 0.005 0.035 0.018 0.4
20150802 21 30 26.5 29.2 24.1 8.4 16.5 5.1 0.004 0.031 0.014 0.4
20150803 17 27 27.9 31.5 25.6 5.8 0.0 5.9 0.006 0.02 0.016 0.3
20150804 16 25 27.5 30.8 25.4 8.5 0 5.4 0.005 0.02 0.015 0.3
20150805 21 31 28.6 32.7 25.9 6.6 0.1 6.8 0.005 0.032 0.019 0.3
20150806 22 33 29.3 34.4 24.5 3.1 0 9.9 0.005 0.027 0.024 0.4
20150807 26 38 28.9 34.4 26.0 2.8 11.0 8.4 0.004 0.031 0.032 0.4
20150808 21 32 26.6 33.0 24.3 6.5 7.5 8.7 0.004 0.022 0.028 0.4
20150809 12 20 26.7 31.0 23.3 6.6 0 7.7 0.004 0.024 0.016 0.3
20150810 18 29 27.0 32.0 23.9 6.5 0 8.1 0.005 0.022 0.02 0.3
20150811 37 57 26.8 30.6 24.5 6.4 0 6.1 0.005 0.026 0.03 0.6
20150812 32 51 27.3 32.9 22.1 2.0 0 10.8 0.005 0.035 0.023 0.5
20150813 23 38 26.5 31.1 23.9 4.8 0.0 7.2 0.005 0.025 0.03 0.5
20150814 24 38 26.9 32.5 22.7 3.9 0 9.8 0.005 0.034 0.027 0.5
20150815 44 65 27.1 30.8 23.1 4.3 0.1 7.7 0.005 0.048 0.022 0.6
20150816 45 65 25.8 31.2 20.7 8.3 29.0 10.5 0.005 0.041 0.02 0.5
20150817 17 25 26.6 32.9 19.8 3.3 0 13.1 0.004 0.034 0.02 0.4
20150818 13 21 27.9 32.2 24.1 5.1 0 8.1 0.004 0.033 0.021 0.3
20150819 21 35 26.8 29.7 24.2 8.6 0.0 5.5 0.005 0.027 0.031 0.4
20150820 22 35 25.4 28.1 24.2 9.6 0.4 3.9 0.006 0.018 0.037 0.5
20150821 19 30 25.2 29.3 23.0 7.1 2.5 6.3 0.005 0.019 0.027 0.4
20150822 24 37 25.5 29.6 23.4 6.9 0.0 6.2 0.005 0.035 0.024 0.4
20150823 24 38 26.3 31.7 20.9 4.4 0 10.8 0.005 0.04 0.021 0.4
20150824 18 28 26.3 30.3 23.3 6.8 0 7.0 0.004 0.03 0.017 0.3
20150825 4 7 21.7 24.5 19.2 9.9 5.5 5.3 0.004 0.018 0.013 0.2
20150826 6 10 21.9 25.3 18.9 8.5 0.0 6.4 0.005 0.02 0.018 0.3
20150827 11 21 24.7 30.0 21.2 1.9 0.0 8.8 0.005 0.03 0.023 0.3
20150828 17 28 23.2 28.1 19.0 5.0 0.3 9.1 0.005 0.017 0.04 0.5
20150829 20 31 24.4 30.8 19.0 1.3 0 11.8 0.005 0.028 0.032 0.4
20150830 22 33 24.9 31.0 19.9 1.3 0.0 11.1 0.005 0.034 0.022 0.4
20150831 22 32 25.9 31.2 21.0 3.8 0 10.2 0.004 0.036 0.026 0.4
20150901 16 24 25.9 30.7 22.6 7.4 0 8.1 0.004 0.034 0.017 0.4
20150902 16 24 23.9 27.7 22.0 8.5 0.5 5.7 0.004 0.023 0.027 0.4
20150903 14 24 23.9 28.2 19.8 4.1 18.0 8.4 0.004 0.026 0.024 0.4
20150904 20 33 24.8 30.7 20.6 5.0 0 10.1 0.005 0.027 0.029 0.5
20150905 19 31 21.9 23.6 19.4 9.4 5.0 4.2 0.004 0.019 0.029 0.5
20150906 7 13 22.2 26.2 19.3 4.8 0 6.9 0.004 0.03 0.011 0.3
20150907 7 13 22.6 28.7 16.8 0.5 0 11.9 0.004 0.025 0.02 0.3
20150908 7 12 22.7 28.9 16.2 0.0 0 12.7 0.004 0.026 0.019 0.3
20150909 8 16 22.4 30.1 15.3 0.4 0 14.8 0.004 0.027 0.019 0.3
20150910 13 28 22.4 28.4 17.0 0.9 0 11.4 0.004 0.023 0.024 0.3
20150911 21 37 21.0 24.4 16.8 9.3 2.5 7.6 0.005 0.022 0.026 0.5
20150912 11 21 19.2 24.0 15.5 7.9 0 8.5 0.004 0.021 0.023 0.3
20150913 10 21 20.2 26.0 15.2 0.5 0 10.8 0.004 0.029 0.017 0.3
20150914 17 31 22.1 27.8 16.4 3.6 0 11.4 0.005 0.024 0.034 0.5
20150915 14 25 22.8 28.7 17.4 3.8 0 11.3 0.004 0.023 0.031 0.4
20150916 8 16 21.6 26.7 16.0 4.8 0 10.7 0.004 0.027 0.022 0.3
20150917 6 12 21.4 27.6 15.5 1.5 0 12.1 0.004 0.027 0.017 0.3
20150918 11 20 21.9 29.2 15.9 2.5 0 13.3 0.004 0.025 0.029 0.4
20150919 16 32 22.3 29.0 17.0 2.6 0 12.0 0.004 0.021 0.031 0.4
20150920 30 48 22.1 28.3 17.9 4.5 0 10.4 0.005 0.03 0.029 0.5
20150921 30 47 22.6 29.4 16.5 0.4 0 12.9 0.005 0.026 0.039 0.6
20150922 25 40 23.9 31.0 18.0 0.5 0 13.0 0.005 0.03 0.043 0.6
20150923 25 41 22.0 26.1 19.0 6.6 0 7.1 0.005 0.014 0.051 0.5
20150924 22 37 23.4 30.6 17.5 3.0 0 13.1 0.005 0.022 0.04 0.5
20150925 22 37 23.4 29.8 19.0 2.9 0 10.8 0.005 0.03 0.037 0.5
20150926 28 49 22.4 28.0 17.9 1.9 0 10.1 0.005 0.03 0.029 0.6
20150927 15 34 21.9 29.8 14.2 0.0 0 15.6 0.004 0.023 0.028 0.4
20150928 14 31 21.4 28.3 15.5 5.8 0.0 12.8 0.004 0.026 0.026 0.4
20150929 10 23 22.1 28.2 15.9 3.4 0 12.3 0.004 0.03 0.015 0.3
20150930 8 18 21.3 26.2 19.4 8.9 0 6.8 0.004 0.024 0.022 0.3
20151001 8 15 16.3 19.7 10.7 8.3 35.0 9.0 0.004 0.017 0.022 0.4
20151002 10 29 16.5 21.5 8.6 2.8 0 12.9 0.005 0.024 0.022 0.3
20151003 17 42 19.2 24.5 13.3 4.5 0 11.2 0.005 0.037 0.019 0.4
20151004 12 28 16.6 22.4 11.2 6.3 0 11.2 0.004 0.023 0.026 0.4
20151005 14 28 18.0 25.6 11.0 0.1 0 14.6 0.004 0.014 0.04 0.5
20151006 16 31 18.7 26.3 12.1 0.0 0 14.2 0.005 0.014 0.044 0.5
20151007 23 46 19.6 25.7 14.1 4.8 0 11.6 0.005 0.013 0.047 0.5
20151008 27 52 20.1 26.4 15.7 3.9 0 10.7 0.005 0.022 0.039 0.5
20151009 11 33 16.2 20.5 12.8 0.8 0 7.7 0.005 0.027 0.018 0.3
20151010 11 22 12.8 17.2 10.4 8.6 3.5 6.8 0.004 0.021 0.025 0.4
20151011 9 16 10.8 14.4 8.1 6.8 3.5 6.3 0.004 0.016 0.021 0.4
20151012 10 18 12.3 17.9 8.2 2.3 0 9.7 0.004 0.017 0.019 0.3
20151013 16 31 15.0 21.3 7.8 0.8 0 13.5 0.005 0.015 0.037 0.5
20151014 26 48 17.1 24.5 10.9 0.1 0 13.6 0.005 0.012 0.053 0.7
20151015 36 59 17.9 26.1 12.1 3.1 0 14.0 0.006 0.016 0.059 0.8
20151016 43 70 17.5 24.2 13.2 2.4 0 11.0 0.006 0.016 0.06 0.8
20151017 34 59 18.7 26.6 12.4 0.0 0 14.2 0.005 0.017 0.054 0.7
20151018 48 76 17.9 24.2 12.4 0.1 0 11.8 0.005 0.026 0.045 0.7
20151019 62 98 18.1 23.9 13.6 0.5 0 10.3 0.006 0.022 0.048 0.8
20151020 57 97 18.8 25.1 15.4 2.9 0 9.7 0.006 0.019 0.048 0.8
20151021 70 117 17.9 22.7 13.9 0.0 0 8.8 0.006 0.021 0.045 0.8
20151022 48 81 17.5 23.1 14.5 2.1 0 8.6 0.005 0.016 0.039 0.6
20151023 29 52 17.5 21.4 15.2 6.1 0 6.2 0.005 0.016 0.037 0.5
20151024 21 35 16.9 22.0 13.2 4.4 10.5 8.8 0.004 0.022 0.029 0.5
20151025 16 29 16.3 22.8 12.1 0.9 0 10.7 0.004 0.02 0.029 0.5
20151026 16 31 15.0 18.7 12.0 8.5 2.0 6.7 0.004 0.012 0.037 0.4
20151027 13 36 12.1 15.9 7.7 4.6 26.5 8.2 0.004 0.022 0.021 0.4
20151028 13 31 9.9 15.8 5.6 0.3 0 10.2 0.005 0.018 0.026 0.4
20151029 12 23 8.4 14.7 3.2 2.0 0.5 11.5 0.004 0.016 0.027 0.4
20151030 10 28 5.4 10.4 1.7 0.1 0 8.7 0.004 0.019 0.019 0.4
20151031 16 32 5.7 12.3 1.1 0.0 0 11.2 0.005 0.013 0.031 0.5
20151101 24 41 7.0 12.6 1.3 7.3 0 11.3 0.005 0.005 0.044 0.6
20151102 29 52 10.8 15.2 6.1 4.9 0 9.1 0.006 0.01 0.046 0.7
20151103 42 71 11.8 18.7 6.6 0.0 0 12.1 0.006 0.013 0.055 0.9
20151104 55 86 12.2 19.8 5.8 2.0 0 14.0 0.008 0.009 0.067 0.9
20151105 52 81 13.2 19.2 8.6 2.5 0 10.6 0.006 0.012 0.063 0.9
20151106 32 48 13.5 19.2 9.6 7.1 4.5 9.6 0.004 0.021 0.031 0.6
20151107 8 10 10.5 11.7 9.3 10.0 24.5 2.4 0.003 0.022 0.02 0.4
20151108 3 5 11.1 11.8 10.3 10.0 10.5 1.5 0.003 0.023 0.017 0.3
20151109 8 13 10.8 12.1 9.8 9.8 3.5 2.3 0.003 0.013 0.025 0.4
20151110 31 46 10.0 13.5 7.7 5.9 0 5.8 0.004 0.007 0.034 0.7
20151111 26 42 11.6 17.7 6.6 3.6 0 11.1 0.004 0.005 0.043 0.7
20151112 10 16 14.5 21.0 10.2 3.1 0 10.8 0.004 0.012 0.032 0.5
20151113 8 13 11.5 13.1 10.5 9.8 22.5 2.6 0.004 0.012 0.031 0.4
20151114 8 12 12.8 14.2 11.0 9.4 3.5 3.2 0.004 0.008 0.034 0.5
20151115 12 19 13.4 17.2 10.6 6.3 0 6.6 0.004 0.009 0.031 0.5
20151116 17 28 12.2 14.0 10.7 9.3 5.5 3.3 0.004 0.003 0.035 0.6
20151117 12 20 13.9 19.3 11.0 4.6 0 8.3 0.004 0.011 0.03 0.6
20151118 6 10 10.4 12.6 8.4 8.9 5.5 4.2 0.004 0.017 0.021 0.4
20151119 8 14 8.9 10.8 6.7 7.6 0 4.1 0.004 0.009 0.028 0.4
20151120 22 38 9.8 14.4 7.1 5.8 0 7.3 0.005 0.008 0.035 0.6
20151121 33 51 9.2 15.4 5.0 2.1 0 10.4 0.005 0.01 0.041 0.8
20151122 20 31 10.2 15.7 5.9 8.1 3.5 9.8 0.004 0.011 0.03 0.6
20151123 5 8 8.5 11.0 6.5 9.5 6.5 4.5 0.003 0.014 0.023 0.4
20151124 15 24 5.6 8.8 2.7 8.3 0.5 6.1 0.004 0.013 0.025 0.5
20151125 9 12 2.4 5.3 0.9 9.4 11.0 4.4 0.004 0.015 0.023 0.4
20151126 24 34 -2.7 0.9 -4.8 7.0 0.0 5.7 0.005 0.023 0.017 0.4
20151127 26 39 -2.8 2.0 -7.3 4.4 0 9.3 0.005 0.018 0.025 0.5
20151128 28 44 0.1 2.6 -2.7 7.6 0.1 5.3 0.005 0.008 0.04 0.6
20151129 29 39 2.5 3.9 1.0 9.8 3.0 2.9 0.004 0.005 0.034 0.6
20151130 29 43 4.1 8.5 0.9 2.5 0 7.6 0.006 0.01 0.037 0.7
20151201 32 52 4.0 10.4 -1.3 1.5 0 11.7 0.006 0.004 0.049 1.0
20151202 31 52 6.0 8.5 2.9 7.8 13.5 5.6 0.006 0.009 0.04 0.9
20151203 12 20 -0.7 3.3 -3.2 8.3 7.1 6.5 0.004 0.016 0.019 0.4
20151204 15 39 -0.4 3.1 -4.4 3.4 0 7.5 0.004 0.015 0.027 0.5
20151205 16 34 3.4 7.2 0.6 6.3 0 6.6 0.005 0.014 0.033 0.6
20151206 19 34 1.3 7.8 -2.0 5.0 0 9.8 0.006 0.011 0.034 0.6
20151207 29 51 1.9 6.7 -3.4 1.9 0 10.1 0.005 0.004 0.049 0.8
20151208 36 63 2.9 9.6 -1.4 0.0 0 11.0 0.007 0.003 0.065 1.0
20151209 39 69 5.0 10.9 -0.8 5.3 0 11.7 0.007 0.003 0.064 1.1
20151210 28 47 7.8 9.2 5.8 8.8 0.3 3.4 0.006 0.003 0.048 0.9
20151211 21 33 6.4 12.2 3.3 2.0 0 8.9 0.005 0.015 0.029 0.6
20151212 16 31 5.2 11.0 1.1 1.3 0 9.9 0.005 0.015 0.035 0.6
20151213 25 42 5.2 12.2 0.9 1.6 0 11.3 0.006 0.007 0.045 0.8
20151214 29 47 5.0 6.4 2.6 9.8 2.5 3.8 0.005 0.003 0.046 0.8
20151215 33 54 4.7 8.2 2.0 8.0 0.1 6.2 0.005 0.013 0.031 0.7
20151216 13 28 -1.0 2.8 -5.0 2.0 0 7.8 0.005 0.021 0.016 0.4
20151217 11 20 -4.6 -0.4 -7.4 0.0 0 7.0 0.004 0.016 0.018 0.4
20151218 23 42 -3.3 -1.0 -7.0 6.3 0.0 6.0 0.006 0.004 0.043 0.8
20151219 36 62 -0.1 6.8 -4.6 0.5 0 11.4 0.006 0.004 0.048 1.0
20151220 35 56 1.5 6.0 -3.4 7.0 0 9.4 0.006 0.004 0.05 1.0
20151221 34 52 2.2 5.0 -0.2 5.8 2.0 5.2 0.005 0.004 0.044 0.8
20151222 40 65 3.1 7.7 -1.5 3.8 0 9.2 0.005 0.004 0.044 0.8
20151223 37 59 5.9 10.6 2.9 4.5 0.4 7.7 0.006 0.005 0.05 0.9
20151224 61 98 1.5 5.3 -1.6 4.5 0 6.9 0.007 0.012 0.041 0.9
20151225 16 29 -0.8 3.7 -4.9 2.3 0.0 8.6 0.006 0.017 0.027 0.5
20151226 40 75 0.9 4.7 -3.2 4.5 0.7 7.9 0.006 0.012 0.035 0.8
20151227 16 29 -5.7 -1.0 -8.9 0.0 0 7.9 0.005 0.019 0.02 0.4
20151228 15 27 -5.7 -1.0 -9.5 0.0 0 8.5 0.005 0.014 0.027 0.5
20151229 32 57 -3.2 2.9 -8.7 3.8 0 11.6 0.007 0.004 0.052 1.0
20151230 36 60 0.3 4.3 -3.5 6.9 2.5 7.8 0.006 0.004 0.05 0.8
20151231 43 64 0.7 2.8 -1.9 5.0 0 4.7 0.006 0.007 0.042 0.8
20160101 45 68 1.2 4.0 -3.3 7.0 0 7.3 0.006 0.006 0.047 1.0
20160102 31 51 5.7 9.5 1.0 7.8 0 8.5 0.006 0.009 0.044 0.7
20160103 58 96 6.5 9.4 5.1 7.5 0 4.3 0.007 0.013 0.049 0.9
20160104 47 74 2.0 5.3 -2.5 4.4 0 7.8 0.006 0.025 0.025 0.6
20160105 16 32 -2.7 1.5 -4.8 3.4 0 6.3 0.006 0.016 0.025 0.4
20160106 29 56 -1.7 1.7 -4.9 6.0 0 6.6 0.007 0.008 0.041 0.7
20160107 20 39 -3.4 1.4 -5.9 0.3 0 7.3 0.006 0.016 0.026 0.5
20160108 18 34 -3.3 1.0 -6.9 0.5 0 7.9 0.006 0.014 0.03 0.5
20160109 19 37 -2.1 2.4 -6.2 4.1 0 8.6 0.006 0.014 0.032 0.5
20160110 19 32 0.3 3.8 -2.7 2.6 0 6.5 0.006 0.02 0.026 0.5
20160111 21 40 -3.8 0.9 -6.5 1.1 0 7.4 0.006 0.017 0.028 0.5
20160112 24 49 -5.2 0.7 -9.1 0.5 0 9.8 0.006 0.012 0.035 0.6
20160113 20 38 -4.5 0.1 -8.2 5.5 0.4 8.3 0.005 0.014 0.032 0.5
20160114 21 43 -3.4 1.3 -8.4 4.0 0.0 9.7 0.006 0.011 0.037 0.6
20160115 29 51 -0.4 5.3 -4.3 3.1 0 9.6 0.006 0.007 0.049 0.7
20160116 43 69 -0.2 2.8 -2.1 7.1 0.1 4.9 0.006 0.005 0.049 0.8
20160117 46 69 1.7 5.4 -0.7 6.6 0 6.1 0.006 0.007 0.047 0.9
20160118 32 56 -6.3 0.4 -12.3 6.0 0.2 12.7 0.005 0.021 0.023 0.6
20160119 13 33 -12.8 -8.9 -15.1 0.5 0 6.2 0.005 0.024 0.015 0.4
20160120 22 38 -10.5 -5.2 -14.5 1.9 0 9.3 0.005 0.014 0.031 0.5
20160121 30 51 -7.1 -2.3 -10.2 3.9 0 7.9 0.006 0.011 0.039 0.7
20160122 27 50 -7.6 -3.8 -11.1 5.4 0 7.3 0.006 0.014 0.034 0.6
20160123 14 32 -11.5 -8.3 -16.0 3.5 0.0 7.7 0.005 0.026 0.015 0.4
20160124 19 38 -14.4 -10.5 -18.0 0.0 0 7.5 0.006 0.024 0.015 0.4
20160125 17 50 -9.4 -3.4 -14.3 0.9 0 10.9 0.006 0.014 0.033 0.5
20160126 37 78 -3.3 1.7 -8.5 6.1 0.3 10.2 0.008 0.005 0.055 0.9
20160127 31 63 -1.1 4.3 -4.7 2.4 0 9.0 0.007 0.012 0.047 0.8
20160128 31 58 -0.5 3.5 -5.6 6.5 0 9.1 0.006 0.005 0.056 0.9
20160129 26 50 1.9 5.4 -1.4 7.5 0 6.8 0.007 0.009 0.043 0.7
20160130 24 40 0.6 5.2 -2.5 4.5 0 7.7 0.006 0.009 0.042 0.8
20160131 21 39 -3.9 0.3 -6.5 3.1 0 6.8 0.006 0.025 0.02 0.5
20160201 18 40 -6.0 -1.0 -9.1 0.4 0 8.1 0.005 0.021 0.025 0.5
20160202 22 45 -5.3 0.9 -10.0 0.0 0 10.9 0.006 0.015 0.038 0.6
20160203 30 56 -2.4 4.0 -8.3 1.8 0 12.3 0.007 0.009 0.054 0.9
20160204 30 55 -0.7 3.9 -4.0 2.9 0 7.9 0.007 0.015 0.043 0.8
20160205 21 45 -2.2 3.4 -6.8 1.6 0 10.2 0.007 0.018 0.035 0.6
20160206 24 50 -3.1 2.0 -6.2 0.0 0 8.2 0.007 0.025 0.023 0.5
20160207 24 46 -2.9 3.5 -8.3 1.0 0 11.8 0.006 0.015 0.034 0.6
20160208 41 73 1.3 5.5 -4.3 6.9 0 9.8 0.007 0.024 0.031 0.7
20160209 25 50 0.3 5.5 -3.9 0.5 0 9.4 0.007 0.027 0.02 0.5
20160210 22 40 2.7 10.7 -4.3 0.0 0 15.0 0.006 0.009 0.045 0.8
20160211 25 46 8.1 13.5 1.6 6.0 0.1 11.9 0.007 0.01 0.05 0.8
20160212 21 33 8.4 10.0 6.8 10.0 18.0 3.2 0.005 0.01 0.042 0.7
20160213 10 15 11.0 14.4 5.8 9.9 21.0 8.6 0.005 0.006 0.035 0.7
20160214 17 29 -2.6 5.8 -6.8 7.8 2.5 12.6 0.005 0.023 0.014 0.4
20160215 11 33 -5.8 -2.3 -10.0 1.5 0.0 7.7 0.004 0.027 0.018 0.4
20160216 15 27 -2.7 1.1 -6.7 3.8 0.8 7.8 0.005 0.018 0.029 0.5
20160217 15 38 0.0 5.4 -5.2 0.1 0 10.6 0.005 0.015 0.036 0.5
20160218 22 44 3.5 7.8 -1.4 5.4 0 9.2 0.006 0.021 0.038 0.6
20160219 41 82 2.3 4.4 0.1 6.8 0 4.3 0.007 0.008 0.046 0.9
20160220 18 44 1.3 6.3 -2.5 1.9 0 8.8 0.005 0.02 0.031 0.5
20160221 12 26 -0.6 4.4 -4.2 3.0 0 8.6 0.005 0.029 0.019 0.4
20160222 18 43 1.1 4.2 -2.2 9.5 0.0 6.4 0.005 0.011 0.042 0.5
20160223 27 53 0.7 4.5 -4.5 4.3 0.9 9.0 0.005 0.02 0.029 0.5
20160224 17 32 -3.0 2.2 -6.8 0.3 0 9.0 0.005 0.023 0.026 0.4
20160225 28 51 -0.2 5.7 -5.8 2.4 0 11.5 0.006 0.02 0.034 0.6
20160226 28 49 2.2 7.5 -3.2 3.0 0.0 10.7 0.007 0.022 0.036 0.6
20160227 40 65 3.3 8.1 0.5 6.6 0.2 7.6 0.006 0.019 0.04 0.6
20160228 28 46 0.7 6.9 -2.6 6.1 4.1 9.5 0.005 0.016 0.041 0.6
20160229 28 54 -3.8 -1.1 -5.9 2.5 0.0 4.8 0.005 0.029 0.02 0.4
20160301 17 31 -2.7 2.1 -7.5 1.5 0 9.6 0.005 0.027 0.024 0.4
20160302 20 36 3.1 8.1 -2.2 6.4 0 10.3 0.006 0.02 0.036 0.5
20160303 30 56 8.1 13.9 4.4 5.6 0 9.5 0.005 0.019 0.044 0.5
20160304 36 68 13.2 20.3 6.4 5.3 0.1 13.9 0.006 0.018 0.046 0.6
20160305 14 22 11.3 13.5 9.1 9.8 40.0 4.4 0.005 0.012 0.032 0.5
20160306 23 94 7.9 12.9 4.3 2.4 0.2 8.6 0.005 0.024 0.023 0.5
20160307 28 108 8.1 12.2 4.8 8.0 0.0 7.4 0.005 0.008 0.049 0.7
20160308 20 71 2.7 7.0 -1.4 8.5 0 8.4 0.005 0.027 0.023 0.5
20160309 15 44 0.3 5.3 -2.7 4.4 0 8.0 0.005 0.027 0.018 0.4
20160310 14 35 -1.1 3.1 -4.3 1.3 0 7.4 0.005 0.029 0.017 0.4
20160311 17 36 -0.5 4.6 -5.5 0.0 0 10.1 0.005 0.029 0.023 0.4
20160312 19 43 2.0 6.4 -3.3 5.4 0 9.7 0.005 0.024 0.032 0.5
20160313 35 61 3.7 6.5 1.9 7.8 0.1 4.6 0.006 0.026 0.035 0.6
20160314 42 64 4.7 9.6 1.3 3.5 0 8.3 0.005 0.032 0.029 0.6
20160315 28 57 5.2 12.4 -1.0 3.8 0 13.4 0.006 0.021 0.046 0.6
20160316 32 64 7.5 13.8 2.7 2.4 0 11.1 0.008 0.02 0.053 0.6
20160317 40 76 9.3 14.7 2.0 6.1 0 12.7 0.007 0.008 0.074 0.9
20160318 36 66 13.4 20.1 8.8 4.4 0 11.3 0.007 0.02 0.056 0.8
20160319 39 77 11.4 18.1 6.6 0.0 0 11.5 0.005 0.029 0.035 0.6
20160320 44 83 10.6 17.5 4.9 0.5 0 12.6 0.007 0.024 0.042 0.7
20160321 48 87 9.9 16.1 5.5 0.1 0 10.6 0.007 0.022 0.051 0.7
20160322 44 72 8.0 13.8 3.5 3.9 0 10.3 0.006 0.028 0.044 0.6
20160323 46 81 8.2 13.8 3.8 3.1 0 10.0 0.005 0.032 0.03 0.5
20160324 21 41 7.2 12.7 1.6 0.4 0 11.1 0.004 0.029 0.027 0.4
20160325 35 70 7.1 12.6 2.1 1.0 0 10.5 0.006 0.023 0.042 0.6
20160326 40 66 6.5 12.6 2.1 0.5 0 10.5 0.005 0.026 0.042 0.6
20160327 40 66 7.2 13.1 2.2 0.0 0 10.9 0.006 0.037 0.035 0.6
20160328 40 70 9.8 17.4 2.3 0.3 0 15.1 0.008 0.033 0.048 0.6
20160329 51 97 11.3 17.1 7.6 7.4 0.1 9.5 0.007 0.049 0.035 0.6
20160330 48 91 11.5 18.3 7.0 2.0 0 11.3 0.006 0.031 0.039 0.6
20160331 22 51 13.5 21.4 6.0 4.5 0 15.4 0.007 0.017 0.057 0.6
20160401 30 72 15.3 23.8 7.3 3.0 0 16.5 0.007 0.024 0.061 0.7
20160402 39 80 15.0 21.7 9.6 2.4 0 12.1 0.008 0.037 0.05 0.7
20160403 31 52 10.7 12.7 8.2 8.0 2.0 4.5 0.004 0.028 0.029 0.5
20160404 12 29 12.3 19.8 5.1 2.3 0 14.7 0.004 0.021 0.033 0.5
20160405 22 58 11.4 18.1 5.9 0.8 0 12.2 0.007 0.028 0.038 0.5
20160406 36 74 14.4 22.9 6.6 6.8 3.0 16.3 0.008 0.027 0.05 0.6
20160407 24 43 14.1 20.6 10.5 3.9 7.5 10.1 0.005 0.033 0.03 0.5
20160408 39 77 11.1 18.7 7.8 3.8 0 10.9 0.006 0.03 0.034 0.5
20160409 58 117 10.7 14.1 7.4 8.0 0 6.7 0.006 0.019 0.041 0.8
20160410 68 134 13.4 20.7 9.3 5.0 0 11.4 0.006 0.039 0.031 0.8
20160411 20 46 12.5 19.4 5.7 0.0 0 13.7 0.004 0.031 0.031 0.4
20160412 27 57 14.1 19.4 10.3 6.0 0 9.1 0.005 0.03 0.035 0.5
20160413 32 58 15.6 21.4 11.4 5.1 1.0 10.0 0.005 0.021 0.045 0.6
20160414 30 57 12.4 18.6 9.3 2.3 0 9.3 0.005 0.017 0.042 0.6
20160415 27 54 15.0 23.1 8.1 0.0 0 15.0 0.005 0.031 0.039 0.6
20160416 24 51 14.9 20.7 9.8 7.5 23.5 10.9 0.005 0.029 0.04 0.5
20160417 16 46 10.8 14.5 8.3 6.1 20.5 6.2 0.004 0.04 0.015 0.4
20160418 23 63 11.2 18.6 7.1 5.5 1.5 11.5 0.005 0.035 0.025 0.5
20160419 20 45 12.0 19.2 6.5 2.5 0 12.7 0.004 0.03 0.031 0.4
20160420 31 63 14.3 20.9 10.1 8.9 0.5 10.8 0.005 0.02 0.047 0.6
20160421 17 27 13.5 16.9 10.3 9.4 17.0 6.6 0.004 0.028 0.031 0.4
20160422 47 81 13.5 18.6 10.1 7.6 0.0 8.5 0.005 0.034 0.031 0.6
20160423 42 198 13.5 19.8 7.8 6.3 0 12.0 0.005 0.027 0.032 0.6
20160424 26 144 15.5 23.7 8.1 2.3 0 15.6 0.004 0.031 0.031 0.5
20160425 24 76 17.2 25.3 10.2 0.8 0 15.1 0.005 0.023 0.051 0.6
20160426 29 78 21.1 29.6 12.1 5.9 0 17.5 0.005 0.037 0.039 0.6
20160427 16 50 17.2 20.7 14.5 9.6 0 6.2 0.004 0.045 0.021 0.4
20160428 20 58 17.2 23.0 12.4 6.4 0 10.6 0.004 0.035 0.033 0.4
20160429 27 63 16.2 22.6 10.9 2.5 0.3 11.7 0.005 0.039 0.033 0.5
20160430 35 76 15.9 20.4 10.8 5.4 0 9.6 0.007 0.058 0.027 0.6
20160501 20 45 18.8 26.0 12.2 5.6 0 13.8 0.005 0.05 0.024 0.5
20160502 24 46 21.1 28.4 16.5 7.0 16.5 11.9 0.004 0.03 0.03 0.5
20160503 9 19 12.9 17.6 8.9 10.0 27.0 8.7 0.004 0.03 0.015 0.3
20160504 12 49 15.7 20.6 10.2 1.6 0 10.4 0.004 0.041 0.018 0.3
20160505 21 54 18.9 26.9 10.2 4.5 7.5 16.7 0.005 0.03 0.036 0.6
20160506 22 46 16.3 18.6 13.0 9.3 9.5 5.6 0.004 0.022 0.032 0.5
20160507 22 112 16.5 22.6 10.7 2.0 0 11.9 0.005 0.03 0.026 0.5
20160508 16 52 19.4 26.8 11.6 5.4 0 15.2 0.005 0.039 0.027 0.5
20160509 21 59 20.2 25.4 16.3 8.3 0.0 9.1 0.005 0.038 0.033 0.5
20160510 14 31 14.5 18.1 12.5 9.1 13.5 5.6 0.004 0.036 0.022 0.4
20160511 13 29 16.4 23.5 10.4 2.0 0 13.1 0.004 0.034 0.027 0.4
20160512 15 29 17.8 24.0 12.1 3.3 0 11.9 0.005 0.035 0.03 0.4
20160513 21 39 18.6 25.4 12.7 3.6 0.5 12.7 0.004 0.043 0.024 0.5
20160514 18 34 20.2 26.9 15.1 5.5 0 11.8 0.005 0.039 0.03 0.5
20160515 19 33 17.4 24.2 12.3 9.0 45.0 11.9 0.004 0.039 0.02 0.4
20160516 17 35 15.9 21.9 10.8 3.0 2.5 11.1 0.005 0.042 0.021 0.5
20160517 37 67 19.3 26.6 10.9 0.0 0 15.7 0.008 0.041 0.041 0.6
20160518 28 51 22.3 29.5 13.5 0.5 0 16.0 0.006 0.033 0.045 0.6
20160519 20 39 24.3 31.9 16.3 0.0 0 15.6 0.004 0.033 0.041 0.5
20160520 30 52 24.0 31.6 16.8 0.6 0 14.8 0.005 0.041 0.048 0.5
20160521 25 38 24.1 30.4 17.8 2.6 0 12.6 0.004 0.042 0.036 0.4
20160522 38 55 24.7 31.7 17.6 2.8 0 14.1 0.005 0.053 0.033 0.5
20160523 45 68 23.3 29.4 18.3 7.5 0 11.1 0.006 0.047 0.041 0.5
20160524 23 33 16.8 21.8 15.4 7.0 38.5 6.4 0.004 0.042 0.023 0.4
20160525 61 90 19.7 24.4 15.3 6.9 0 9.1 0.005 0.053 0.024 0.5
20160526 71 106 19.4 22.9 17.5 8.1 0.0 5.4 0.006 0.038 0.038 0.7
20160527 54 91 20.9 27.1 14.8 7.1 0 12.3 0.005 0.037 0.038 0.6
20160528 39 77 21.7 28.0 17.2 2.9 0 10.8 0.006 0.039 0.037 0.5
20160529 42 82 21.5 27.6 17.2 4.1 0 10.4 0.007 0.045 0.032 0.6
20160530 54 92 22.1 28.9 16.9 0.0 0 12.0 0.006 0.052 0.032 0.6
20160531 46 78 21.6 27.6 17.4 2.9 0 10.2 0.006 0.044 0.028 0.5
20160601 22 41 23.3 29.9 17.1 2.4 0 12.8 0.004 0.039 0.025 0.4
20160602 18 36 23.2 29.1 17.2 0.6 0 11.9 0.005 0.039 0.031 0.4
20160603 25 46 22.2 27.7 17.6 4.0 0 10.1 0.005 0.043 0.034 0.4
20160604 28 52 21.2 26.3 18.2 7.5 0 8.1 0.004 0.033 0.036 0.5
20160605 28 50 24.7 32.2 17.3 3.5 0 14.9 0.004 0.047 0.028 0.4
20160606 13 22 23.3 28.4 20.8 7.4 0.0 7.6 0.004 0.044 0.018 0.3
20160607 26 42 21.7 25.9 19.6 6.8 0.1 6.3 0.005 0.033 0.029 0.4
20160608 24 38 22.1 27.7 18.2 5.1 0 9.5 0.004 0.027 0.028 0.4
20160609 31 53 24.1 31.3 17.8 1.4 0 13.5 0.005 0.028 0.034 0.4
20160610 36 60 24.6 31.3 20.2 2.1 0 11.1 0.006 0.034 0.039 0.5
20160611 31 48 23.5 26.5 20.9 8.3 3.0 5.6 0.005 0.026 0.023 0.4
20160612 20 30 23.5 26.7 19.9 8.3 1.5 6.8 0.004 0.024 0.016 0.3
20160613 36 63 23.5 29.6 19.4 5.1 0 10.2 0.004 0.031 0.028 0.5
20160614 31 51 23.8 29.5 19.7 6.0 0.0 9.8 0.005 0.035 0.033 0.5
20160615 23 36 20.9 24.5 17.4 9.0 15.5 7.1 0.004 0.029 0.024 0.4
20160616 19 31 20.9 24.9 18.6 6.9 0.0 6.3 0.004 0.043 0.019 0.4
20160617 36 54 23.8 29.1 18.6 2.5 0 10.5 0.005 0.054 0.025 0.5
20160618 45 66 24.5 29.9 20.1 1.3 0 9.8 0.005 0.048 0.031 0.6
20160619 28 40 24.1 29.3 20.3 4.4 0.0 9.0 0.004 0.035 0.024 0.5
20160620 35 52 24.7 30.7 19.6 6.8 0 11.1 0.005 0.043 0.03 0.5
20160621 42 62 26.0 31.3 21.0 6.1 0 10.3 0.005 0.046 0.042 0.6
20160622 48 70 24.3 30.2 20.9 6.4 30.5 9.3 0.005 0.034 0.038 0.6
20160623 30 44 24.7 29.4 19.6 5.0 0.1 9.8 0.005 0.036 0.029 0.5
20160624 32 55 23.1 25.7 21.1 7.3 3.5 4.6 0.004 0.032 0.027 0.4
20160625 17 32 22.8 26.7 19.2 4.5 0 7.5 0.005 0.04 0.021 0.4
20160626 18 31 24.4 30.3 19.4 0.8 0 10.9 0.005 0.041 0.019 0.4
20160627 21 35 24.4 29.5 19.9 6.6 0 9.6 0.006 0.034 0.034 0.4
20160628 41 61 24.7 29.7 20.4 5.0 0 9.3 0.005 0.04 0.034 0.5
20160629 24 36 25.3 30.2 20.9 6.9 0 9.3 0.005 0.039 0.03 0.4
20160630 20 30 24.6 26.9 23.0 9.5 0.2 3.9 0.004 0.028 0.022 0.4
20160701 14 21 24.0 26.6 22.0 9.9 108.5 4.6 0.004 0.018 0.024 0.3
20160702 9 14 23.5 27.7 20.6 8.0 4.0 7.1 0.004 0.029 0.019 0.3
20160703 29 41 23.5 26.8 21.1 6.5 0 5.7 0.004 0.043 0.019 0.4
20160704 14 21 21.8 24.1 20.2 9.1 29.5 3.9 0.003 0.021 0.025 0.4
20160705 8 13 23.1 24.8 20.2 10.0 100.5 4.6 0.004 0.012 0.019 0.4
20160706 9 18 22.9 26.9 20.3 6.8 0.0 6.6 0.004 0.023 0.024 0.4
20160707 26 42 24.0 28.5 20.1 7.5 0.0 8.4 0.006 0.025 0.038 0.5
20160708 36 56 27.3 32.4 21.2 0.1 0 11.2 0.004 0.034 0.032 0.5
20160709 23 39 27.7 32.7 23.2 3.1 0 9.5 0.004 0.029 0.026 0.4
20160710 22 35 27.9 33.1 23.2 7.3 0 9.9 0.005 0.03 0.028 0.4
20160711 36 54 28.4 33.4 24.8 8.1 0.0 8.6 0.005 0.039 0.035 0.5
20160712 27 38 26.3 30.9 22.1 7.3 3.0 8.8 0.006 0.026 0.03 0.4
20160713 17 30 26.3 29.5 23.2 7.6 0.0 6.3 0.005 0.014 0.025 0.3
20160714 17 29 27.5 32.4 24.0 5.8 0.1 8.4 0.004 0.03 0.023 0.3
20160715 10 18 26.2 29.2 23.7 9.3 1.5 5.5 0.004 0.026 0.02 0.3
20160716 5 9 20.8 23.8 19.8 10.0 46.5 4.0 0.004 0.018 0.017 0.3
20160717 9 14 21.7 23.1 20.4 10.0 2.5 2.7 0.004 0.021 0.015 0.3
20160718 16 28 24.4 28.4 20.7 5.9 0.2 7.7 0.005 0.018 0.025 0.4
20160719 21 36 27.1 32.4 20.9 3.6 0 11.5 0.004 0.036 0.03 0.4
20160720 23 37 28.6 32.9 24.0 5.4 0 8.9 0.004 0.037 0.028 0.4
20160721 19 31 28.3 32.2 24.9 6.8 0 7.3 0.004 0.035 0.025 0.4
20160722 23 36 29.1 34.1 25.3 6.5 0 8.8 0.004 0.036 0.024 0.4
20160723 27 41 28.7 31.6 27.2 8.8 0.5 4.4 0.004 0.028 0.024 0.4
20160724 25 38 28.0 30.1 27.0 9.6 0.5 3.1 0.004 0.019 0.019 0.3
20160725 31 44 28.4 31.4 26.4 6.6 0 5.0 0.005 0.019 0.023 0.3
20160726 23 34 28.4 31.9 25.6 6.8 0 6.3 0.005 0.015 0.019 0.3
20160727 23 35 27.6 28.9 26.7 9.4 0.5 2.2 0.004 0.016 0.019 0.3
20160728 39 57 28.0 30.5 26.7 6.3 0.2 3.8 0.004 0.04 0.02 0.5
20160729 29 46 26.3 28.4 23.4 9.6 59.5 5.0 0.004 0.02 0.031 0.5
20160730 30 44 28.6 33.0 26.4 5.9 0.5 6.6 0.004 0.029 0.023 0.4
20160731 27 39 28.9 32.8 26.6 5.4 0.2 6.2 0.004 0.018 0.017 0.3
20160801 22 33 28.4 32.4 25.8 6.3 0 6.6 0.004 0.014 0.021 0.4
20160802 16 27 27.2 31.1 25.0 7.6 2.0 6.1 0.004 0.013 0.025 0.4
20160803 17 29 29.1 34.2 24.0 4.1 0 10.2 0.004 0.027 0.028 0.4
20160804 20 32 30.7 35.7 26.0 1.1 0 9.7 0.004 0.029 0.027 0.4
20160805 26 40 31.2 36.0 26.5 1.9 0 9.5 0.004 0.039 0.03 0.5
20160806 39 59 30.5 34.0 26.6 1.9 0 7.4 0.004 0.049 0.03 0.6
20160807 25 36 30.6 35.0 27.0 0.9 0 8.0 0.004 0.038 0.022 0.4
20160808 25 40 30.5 35.5 26.4 2.5 0 9.1 0.004 0.03 0.023 0.4
20160809 22 32 29.3 33.6 26.4 3.8 1.0 7.2 0.004 0.036 0.027 0.4
20160810 44 64 29.4 34.8 26.1 4.4 0 8.7 0.005 0.039 0.027 0.5
20160811 20 32 30.5 36.4 26.1 0.3 0 10.3 0.004 0.026 0.023 0.4
20160812 28 42 30.4 35.9 26.4 1.8 0 9.5 0.004 0.027 0.024 0.4
20160813 25 36 30.2 35.1 26.8 3.0 0 8.3 0.004 0.021 0.019 0.3
20160814 27 36 28.9 31.8 27.3 5.3 0.2 4.5 0.004 0.02 0.014 0.3
20160815 23 36 29.1 34.0 25.8 6.1 0.0 8.2 0.004 0.03 0.018 0.4
20160816 29 46 29.3 34.9 26.2 4.5 0.5 8.7 0.005 0.037 0.027 0.5
20160817 25 42 29.9 34.7 25.1 3.3 0 9.6 0.004 0.034 0.027 0.4
20160818 35 53 29.9 34.3 26.2 7.0 0 8.1 0.005 0.043 0.033 0.5
20160819 42 60 28.9 33.2 26.6 7.5 11.5 6.6 0.005 0.039 0.037 0.5
20160820 21 33 30.1 34.9 26.5 6.9 0 8.4 0.004 0.038 0.023 0.4
20160821 18 27 30.7 36.6 26.9 4.4 0.0 9.7 0.004 0.043 0.017 0.3
20160822 18 29 30.7 36.3 25.8 3.6 0.4 10.5 0.004 0.036 0.023 0.3
20160823 21 34 28.3 33.0 26.0 5.1 8.0 7.0 0.004 0.032 0.028 0.4
20160824 22 35 29.1 32.9 26.4 5.4 0.0 6.5 0.005 0.03 0.029 0.4
20160825 18 30 27.1 32.2 24.0 7.0 4.5 8.2 0.004 0.025 0.026 0.4
20160826 6 14 23.0 28.2 19.5 4.3 20.0 8.7 0.004 0.029 0.015 0.3
20160827 5 13 23.4 29.7 16.9 4.9 0.0 12.8 0.004 0.028 0.016 0.3
20160828 4 11 21.0 24.5 18.3 8.3 1.5 6.2 0.004 0.023 0.011 0.3
20160829 7 16 22.2 27.1 17.4 5.1 0 9.7 0.004 0.02 0.018 0.3
20160830 9 28 20.6 24.5 17.9 6.1 0.0 6.6 0.004 0.022 0.017 0.3
20160831 7 18 17.7 19.2 16.1 8.4 17.5 3.1 0.004 0.018 0.018 0.3
20160901 33 60 23.2 28.6 15.8 2.9 0 12.8 0.005 0.04 0.027 0.6
20160902 23 33 24.2 29.0 20.6 6.5 4.5 8.4 0.004 0.039 0.02 0.4
20160903 13 21 23.9 28.6 20.4 6.1 0.5 8.2 0.004 0.03 0.024 0.4
20160904 13 22 25.6 29.6 22.1 7.3 0 7.5 0.004 0.021 0.022 0.5
20160905 17 31 26.4 31.1 23.0 5.4 0 8.1 0.004 0.022 0.026 0.5
20160906 35 58 24.7 29.0 21.0 4.4 0 8.0 0.005 0.027 0.031 0.5
20160907 51 76 24.3 28.6 20.9 6.9 0 7.7 0.005 0.029 0.03 0.6
20160908 30 48 23.0 26.5 21.5 8.1 4.5 5.0 0.005 0.019 0.035 0.6
20160909 27 42 23.9 29.3 19.7 4.4 0 9.6 0.004 0.025 0.032 0.6
20160910 27 41 24.4 29.1 20.0 6.3 0 9.1 0.004 0.032 0.029 0.5
20160911 27 39 24.5 28.2 22.1 7.1 0 6.1 0.004 0.039 0.02 0.5
20160912 18 29 23.4 27.5 21.4 4.5 2.5 6.1 0.004 0.018 0.026 0.5
20160913 10 18 24.6 30.8 19.6 3.8 0 11.2 0.004 0.022 0.025 0.4
20160914 21 32 24.6 28.9 21.4 5.0 0 7.5 0.004 0.032 0.024 0.5
20160915 27 41 23.9 29.5 18.8 7.6 0 10.7 0.004 0.028 0.023 0.5
20160916 35 50 24.6 29.5 20.4 9.3 0 9.1 0.007 0.036 0.022 0.5
20160917 20 29 23.1 28.2 18.5 4.9 7.0 9.7 0.004 0.036 0.013 0.4
20160918 13 23 23.5 28.3 20.2 5.4 0 8.1 0.003 0.035 0.011 0.3
20160919 5 13 21.9 27.8 18.2 1.4 0 9.6 0.003 0.027 0.014 0.3
20160920 10 18 20.6 26.8 15.4 1.1 0 11.4 0.003 0.029 0.017 0.3
20160921 22 33 20.2 25.3 14.3 5.6 0 11.0 0.004 0.024 0.026 0.4
20160922 26 40 21.9 27.2 17.5 3.9 0 9.7 0.004 0.026 0.03 0.4
20160923 33 51 21.4 27.9 16.4 2.6 0 11.5 0.004 0.031 0.037 0.5
20160924 41 61 22.3 28.9 16.5 3.3 0 12.4 0.005 0.041 0.038 0.6
20160925 36 53 23.0 29.7 18.6 6.8 0 11.1 0.005 0.032 0.035 0.5
20160926 29 45 23.6 28.9 19.7 5.4 0 9.2 0.004 0.018 0.04 0.5
20160927 23 35 21.0 23.8 19.1 9.6 13.5 4.7 0.004 0.008 0.037 0.5
20160928 21 35 19.9 21.8 18.7 10.0 0.5 3.1 0.004 0.01 0.03 0.5
20160929 6 14 20.4 24.8 18.2 8.4 0 6.6 0.004 0.015 0.017 0.4
20160930 14 30 20.5 23.5 17.7 8.8 0 5.8 0.004 0.012 0.03 0.4
20161001 26 45 21.1 25.6 17.5 7.8 0 8.1 0.004 0.012 0.037 0.6
20161002 17 29 19.0 22.4 16.7 9.8 18.5 5.7 0.004 0.011 0.026 0.5
20161003 9 17 22.7 27.9 19.6 4.0 6.5 8.3 0.004 0.021 0.019 0.4
20161004 15 30 22.0 29.0 15.6 0.9 0 13.4 0.004 0.02 0.025 0.4
20161005 13 26 21.1 27.2 17.5 3.4 0 9.7 0.004 0.026 0.02 0.4
20161006 18 38 18.0 23.5 13.6 2.8 0 9.9 0.004 0.024 0.023 0.5
20161007 12 26 19.7 24.8 16.5 8.8 2.0 8.3 0.004 0.018 0.024 0.4
20161008 10 21 16.8 21.8 10.3 5.5 6.0 11.5 0.004 0.028 0.016 0.4
20161009 9 18 11.3 16.6 6.5 3.3 0 10.1 0.004 0.027 0.012 0.3
20161010 11 27 14.0 21.4 7.4 4.4 0 14.0 0.004 0.018 0.028 0.4
20161011 22 44 15.4 21.1 10.0 6.0 0 11.1 0.005 0.013 0.042 0.6
20161012 29 55 15.5 20.7 11.4 3.3 0 9.3 0.004 0.022 0.027 0.5
20161013 20 42 15.2 21.9 9.3 3.8 0 12.6 0.005 0.014 0.038 0.5
20161014 41 72 16.7 23.5 10.5 0.0 0 13.0 0.005 0.012 0.048 0.7
20161015 49 78 19.1 27.1 12.4 4.1 0 14.7 0.005 0.016 0.047 0.8
20161016 36 54 17.2 19.5 15.4 9.4 1.5 4.1 0.004 0.012 0.035 0.6
20161017 32 51 17.5 21.7 14.5 6.1 0 7.2 0.004 0.017 0.032 0.6
20161018 29 55 17.0 24.0 11.2 3.0 0 12.8 0.004 0.012 0.039 0.7
20161019 36 64 18.0 24.3 14.0 1.3 0 10.3 0.005 0.021 0.05 0.7
20161020 37 64 18.6 25.8 12.9 1.6 0 12.9 0.004 0.023 0.041 0.7
20161021 12 24 17.9 22.0 15.7 9.4 0 6.3 0.004 0.023 0.023 0.4
20161022 15 29 18.3 22.8 14.5 6.8 0 8.3 0.004 0.022 0.024 0.4
20161023 6 11 13.3 17.8 10.6 9.4 2.5 7.2 0.003 0.025 0.014 0.3
20161024 7 17 15.1 20.6 9.0 5.6 0 11.6 0.003 0.018 0.024 0.3
20161025 9 16 14.1 17.5 12.5 7.6 37.0 5.0 0.003 0.013 0.027 0.5
20161026 21 41 13.3 16.3 10.5 5.4 0.0 5.8 0.004 0.007 0.034 0.8
20161027 22 44 14.6 20.9 8.6 6.5 0 12.3 0.004 0.009 0.032 0.6
20161028 17 37 14.6 18.4 10.2 8.8 0.3 8.2 0.004 0.018 0.026 0.5
20161029 16 35 7.8 11.2 3.5 6.6 0 7.7 0.004 0.023 0.019 0.3
20161030 12 26 7.9 15.1 1.6 0.9 0 13.5 0.004 0.015 0.028 0.4
20161031 15 29 5.7 8.2 0.7 7.4 0.5 7.5 0.005 0.009 0.034 0.5
20161101 10 23 1.5 6.6 -2.4 0.0 0 9.0 0.004 0.021 0.02 0.3
20161102 16 35 4.1 10.5 -2.7 4.4 0.1 13.2 0.004 0.01 0.038 0.5
20161103 23 41 9.1 14.1 4.2 4.9 0.2 9.9 0.005 0.012 0.043 0.6
20161104 33 60 12.3 15.7 8.2 8.3 0.0 7.5 0.006 0.025 0.038 0.6
20161105 44 75 15.0 18.1 12.2 7.3 0 5.9 0.005 0.036 0.033 0.6
20161106 19 32 14.0 18.3 11.9 7.5 0 6.4 0.004 0.023 0.023 0.4
20161107 23 34 12.8 17.8 8.5 9.0 5.5 9.3 0.004 0.019 0.027 0.4
20161108 49 64 4.1 8.4 0.4 2.4 0.5 8.0 0.004 0.025 0.019 0.5
20161109 27 41 2.1 8.6 -3.2 1.4 0 11.8 0.004 0.015 0.031 0.5
20161110 26 41 6.0 9.8 1.5 9.5 0.4 8.3 0.004 0.004 0.044 0.6
20161111 22 50 9.1 14.2 6.2 2.0 4.0 8.0 0.004 0.015 0.035 0.6
20161112 31 75 11.4 16.7 5.1 3.3 0 11.6 0.005 0.016 0.042 0.7
20161113 30 62 14.4 18.1 12.1 7.3 0.5 6.0 0.005 0.014 0.04 0.6
20161114 29 53 13.2 15.8 10.2 7.9 1.5 5.6 0.004 0.007 0.044 0.7
20161115 20 58 5.2 10.2 2.5 0.0 0 7.7 0.004 0.02 0.023 0.4
20161116 27 54 5.2 12.0 0.0 1.1 0 12.0 0.005 0.006 0.044 0.6
20161117 39 74 9.1 16.5 4.0 2.0 0 12.5 0.005 0.006 0.051 0.9
20161118 54 94 10.3 14.6 4.9 5.6 0.0 9.7 0.006 0.005 0.056 1.0
20161119 34 56 13.0 18.6 9.9 8.9 0.0 8.7 0.005 0.011 0.041 0.6
20161120 24 44 9.8 15.3 6.4 1.6 0 8.9 0.004 0.019 0.024 0.6
20161121 29 62 9.5 14.6 5.1 7.8 0 9.5 0.004 0.008 0.042 0.7
20161122 18 43 2.0 8.4 -2.1 8.4 0.2 10.5 0.004 0.02 0.019 0.4
20161123 15 38 -1.8 3.6 -4.8 3.4 0 8.4 0.004 0.016 0.022 0.4
20161124 13 27 -2.5 2.4 -6.2 0.0 0 8.6 0.005 0.019 0.023 0.4
20161125 21 39 1.0 6.0 -3.5 4.3 0 9.5 0.005 0.008 0.042 0.7
20161126 36 54 0.9 2.7 -0.7 7.5 2.8 3.4 0.005 0.003 0.046 0.8
20161127 48 71 3.3 6.6 0.5 7.5 0.0 6.1 0.005 0.004 0.04 0.8
20161128 39 81 1.4 5.6 -1.4 0.0 0 7.0 0.005 0.015 0.027 0.6
20161129 23 40 1.7 8.6 -2.8 0.1 0 11.4 0.005 0.007 0.042 0.7
20161130 27 46 6.0 9.8 0.7 8.9 1.0 9.1 0.006 0.003 0.048 0.7
20161201 26 50 4.1 7.0 -1.0 1.3 0 8.0 0.005 0.02 0.022 0.5
20161202 17 37 1.6 7.9 -3.5 0.0 0 11.4 0.005 0.01 0.036 0.6
20161203 30 54 4.5 11.3 -0.7 5.5 0 12.0 0.006 0.006 0.051 0.8
20161204 53 81 5.5 9.5 2.0 8.8 0 7.5 0.006 0.003 0.058 1.0
20161205 56 85 5.9 10.3 0.5 7.9 1.5 9.8 0.006 0.014 0.036 0.8
20161206 12 26 -1.1 4.3 -4.2 0.0 0 8.5 0.005 0.015 0.026 0.4
20161207 27 51 1.7 7.5 -2.7 3.9 0.0 10.2 0.006 0.005 0.046 0.7
20161208 34 56 2.1 6.1 -3.0 6.1 3.0 9.1 0.005 0.005 0.045 0.8
20161209 23 34 1.4 4.2 -2.9 3.9 3.0 7.1 0.005 0.016 0.026 0.5
20161210 21 34 -1.6 3.6 -5.9 0.1 0 9.5 0.004 0.014 0.029 0.5
20161211 22 35 -1.1 6.4 -6.1 0.4 0 12.5 0.005 0.01 0.036 0.7
20161212 29 46 2.3 6.3 -3.0 8.0 0 9.3 0.005 0.003 0.047 0.8
20161213 40 62 3.4 8.8 -0.4 4.6 0 9.2 0.006 0.008 0.043 0.9
20161214 30 53 -1.4 -0.1 -2.3 7.3 0.1 2.2 0.005 0.008 0.03 0.6
20161215 17 35 -5.0 -1.5 -7.6 0.0 0 6.1 0.005 0.017 0.021 0.4
20161216 17 33 -4.7 0.0 -9.8 2.0 0 9.8 0.005 0.013 0.03 0.5
20161217 35 57 2.7 8.0 -2.7 6.6 0.0 10.7 0.006 0.005 0.05 0.9
20161218 33 49 4.9 8.1 2.7 8.5 0 5.4 0.005 0.006 0.045 0.8
20161219 24 38 7.2 12.0 4.3 6.9 0.1 7.7 0.005 0.006 0.041 0.7
20161220 34 53 7.6 13.6 4.4 2.4 0 9.2 0.005 0.005 0.047 0.9
20161221 25 40 7.9 12.6 4.1 8.1 29.0 8.5 0.005 0.006 0.038 0.7
20161222 21 30 5.5 11.0 1.5 9.8 23.5 9.5 0.004 0.011 0.025 0.6
20161223 36 52 -2.5 1.5 -4.4 8.9 0.1 5.9 0.004 0.016 0.018 0.5
20161224 51 67 -2.4 1.1 -4.3 5.5 0 5.4 0.005 0.01 0.028 0.7
20161225 42 56 1.0 6.4 -4.5 4.8 0 10.9 0.004 0.005 0.035 0.9
20161226 33 50 2.5 4.4 1.3 8.6 0.0 3.1 0.005 0.005 0.04 0.9
20161227 27 41 -2.3 1.3 -6.3 2.8 0.5 7.6 0.005 0.019 0.019 0.5
20161228 25 44 -3.7 2.6 -8.4 1.9 0 11.0 0.005 0.009 0.036 0.6
20161229 16 35 -4.2 -1.1 -7.2 1.5 0.3 6.1 0.005 0.014 0.026 0.5
20161230 24 42 -3.9 1.0 -9.1 3.0 0 10.1 0.005 0.006 0.042 0.7
20161231 40 58 0.7 5.7 -3.6 6.6 0.0 9.3 0.006 0.003 0.051 1.0
20170101 57 77 2.7 6.9 -1.6 7.0 0 8.5 0.005 0.004 0.046 1.0
20170102 79 110 5.0 9.2 1.8 7.6 0.3 7.4 0.006 0.016 0.04 0.9
20170103 52 79 2.0 7.7 -2.3 1.1 0 10.0 0.006 0.013 0.043 0.8
20170104 35 55 3.9 8.9 1.0 2.6 0 7.9 0.006 0.009 0.051 0.9
20170105 22 36 3.8 7.3 -0.1 8.4 0 7.4 0.005 0.011 0.036 0.7
20170106 13 20 5.4 11.4 2.5 4.1 0 8.9 0.004 0.013 0.035 0.5
20170107 37 54 4.6 10.5 0.0 3.0 0 10.5 0.005 0.005 0.049 0.9
20170108 22 31 6.5 10.9 4.0 8.1 0.0 6.9 0.004 0.015 0.032 0.6
20170109 46 59 1.5 4.3 -3.1 4.3 0.0 7.4 0.005 0.027 0.021 0.6
20170110 16 31 -3.7 1.1 -7.4 0.8 0 8.5 0.005 0.023 0.02 0.4
20170111 12 24 -3.8 1.5 -9.4 1.9 0 10.9 0.005 0.015 0.029 0.5
20170112 16 30 -2.2 1.0 -6.1 2.1 0.0 7.1 0.005 0.017 0.028 0.5
20170113 13 30 -6.0 -1.4 -8.6 1.8 0.6 7.2 0.004 0.022 0.019 0.4
20170114 12 44 -8.4 -5.4 -10.5 0.0 0 5.1 0.004 0.024 0.013 0.4
20170115 14 27 -6.6 -0.9 -11.5 0.0 0 10.6 0.004 0.016 0.022 0.5
20170116 26 47 -3.8 4.0 -8.9 0.1 0 12.9 0.005 0.006 0.042 0.8
20170117 45 68 -2.0 3.4 -7.1 4.4 0 10.5 0.007 0.003 0.06 1.1
20170118 73 99 -0.5 2.8 -3.0 4.0 0.0 5.8 0.007 0.005 0.053 1.1
20170119 72 102 -1.2 4.7 -4.9 6.3 0 9.6 0.006 0.007 0.052 1.0
20170120 40 57 -4.4 -1.4 -7.8 4.8 4.0 6.4 0.005 0.019 0.03 0.6
20170121 34 48 -5.2 -0.9 -10.0 5.3 2.1 9.1 0.005 0.008 0.042 0.7
20170122 27 75 -8.3 -3.3 -10.9 0.0 0.0 7.6 0.006 0.028 0.015 0.5
20170123 35 47 -8.9 -4.1 -12.6 0.0 0 8.5 0.005 0.021 0.025 0.5
20170124 28 39 -7.0 -1.3 -11.6 0.0 0 10.3 0.005 0.013 0.039 0.6
20170125 36 49 -5.2 0.9 -10.2 0.0 0 11.1 0.005 0.008 0.05 0.8
20170126 48 64 -1.3 3.4 -7.9 6.9 0.3 11.3 0.006 0.009 0.055 1.0
20170127 20 107 -2.6 3.1 -5.7 1.6 3.0 8.8 0.004 0.026 0.016 0.4
20170128 12 32 -1.6 4.3 -8.2 6.6 0 12.5 0.004 0.011 0.033 0.6
20170129 16 27 0.8 2.5 -0.9 9.6 4.5 3.4 0.004 0.006 0.037 0.7
20170130 34 48 -4.8 -0.9 -7.9 2.9 0.1 7.0 0.005 0.027 0.016 0.5
20170131 18 29 -5.4 0.2 -9.9 3.1 0 10.1 0.004 0.011 0.036 0.6
20170201 21 35 -4.0 0.7 -7.5 1.4 0 8.2 0.005 0.018 0.031 0.6
20170202 17 32 -2.7 3.3 -9.2 1.3 0 12.5 0.005 0.017 0.033 0.6
20170203 45 68 1.5 6.7 -2.3 2.3 0 9.0 0.006 0.017 0.046 0.8
20170204 70 96 0.9 3.2 -2.9 7.0 0 6.1 0.005 0.004 0.061 1.1
20170205 55 70 1.2 2.3 -1.5 7.3 0.5 3.8 0.005 0.015 0.037 0.8
20170206 27 40 -1.7 2.6 -4.4 0.0 0 7.0 0.005 0.028 0.021 0.5
20170207 23 40 -2.0 3.0 -5.6 5.3 0 8.6 0.005 0.008 0.041 0.6
20170208 30 53 -2.2 0.6 -4.9 6.8 0 5.5 0.006 0.009 0.042 0.7
20170209 18 50 -5.3 -2.1 -7.1 1.5 0 5.0 0.005 0.026 0.017 0.4
20170210 17 32 -6.6 -2.5 -9.3 0.9 0 6.8 0.004 0.027 0.015 0.4
20170211 16 29 -4.8 0.8 -9.2 0.3 0 10.0 0.004 0.024 0.019 0.4
20170212 18 31 -2.2 4.2 -7.4 0.0 0 11.6 0.005 0.019 0.029 0.6
20170213 28 43 0.1 6.1 -5.4 4.3 0 11.5 0.006 0.008 0.049 0.8
20170214 32 51 0.3 6.5 -4.0 0.0 0 10.5 0.005 0.019 0.038 0.6
20170215 41 60 1.8 8.0 -3.9 0.0 0 11.9 0.008 0.008 0.059 0.9
20170216 46 69 5.5 10.3 -1.9 5.8 0.0 12.2 0.007 0.012 0.056 1.0
20170217 17 46 0.8 9.0 -5.2 3.1 4.0 14.2 0.004 0.029 0.018 0.4
20170218 17 31 -2.6 2.9 -7.0 0.6 0 9.9 0.005 0.027 0.022 0.5
20170219 26 43 2.3 5.7 -3.4 7.0 1.0 9.1 0.005 0.019 0.034 0.6
20170220 22 43 -1.5 5.4 -5.2 2.5 0.5 10.6 0.004 0.03 0.017 0.4
20170221 29 46 -0.6 6.9 -7.6 4.5 0 14.5 0.005 0.013 0.043 0.7
20170222 28 40 1.7 2.9 -0.9 9.9 5.1 3.8 0.004 0.008 0.043 0.7
20170223 21 34 -1.5 2.1 -4.2 1.1 0 6.3 0.005 0.033 0.017 0.4
20170224 17 28 -0.8 4.4 -5.8 2.1 0 10.2 0.005 0.023 0.03 0.5
20170225 30 46 2.6 8.4 -2.8 1.8 0 11.2 0.006 0.019 0.037 0.7
20170226 32 47 3.6 10.1 -1.5 0.1 0 11.6 0.005 0.023 0.03 0.6
20170227 24 38 3.7 10.7 -1.8 0.0 0 12.5 0.005 0.014 0.042 0.7
20170228 26 42 5.6 12.3 -1.3 2.1 0 13.6 0.006 0.015 0.049 0.7
20170301 41 57 5.0 11.4 2.0 9.8 5.0 9.4 0.006 0.02 0.044 0.6
20170302 22 33 1.8 6.6 -1.1 4.1 0.5 7.7 0.004 0.03 0.021 0.4
20170303 22 43 3.3 10.4 -3.1 1.3 0 13.5 0.005 0.019 0.038 0.6
20170304 32 51 5.7 12.7 0.1 0.1 0 12.6 0.005 0.013 0.048 0.7
20170305 48 67 5.2 10.4 1.2 6.1 0.5 9.2 0.005 0.024 0.038 0.7
20170306 25 36 0.1 4.0 -2.8 0.5 0 6.8 0.004 0.032 0.017 0.4
20170307 20 33 -1.3 2.9 -4.0 1.0 0.0 6.9 0.004 0.034 0.016 0.4
20170308 20 43 -0.1 5.0 -5.3 2.8 0.0 10.3 0.004 0.029 0.023 0.5
20170309 21 46 3.2 10.7 -2.7 0.8 0 13.4 0.005 0.027 0.028 0.5
20170310 26 44 4.8 12.2 -1.2 0.1 0 13.4 0.005 0.022 0.038 0.5
20170311 40 62 7.3 16.7 -0.2 3.0 0 16.9 0.007 0.017 0.055 0.7
20170312 64 89 8.2 14.0 4.4 9.0 0.0 9.6 0.007 0.025 0.051 0.8
20170313 42 61 6.9 12.2 1.5 3.4 0 10.7 0.004 0.033 0.024 0.5
20170314 29 49 5.8 10.9 1.0 0.5 0 9.9 0.004 0.031 0.024 0.5
20170315 24 41 6.3 13.3 0.4 0.1 0 12.9 0.004 0.022 0.035 0.5
20170316 43 63 6.2 13.4 1.0 3.0 0 12.4 0.005 0.021 0.05 0.6
20170317 54 74 7.7 15.7 1.2 1.9 0 14.5 0.005 0.021 0.053 0.7
20170318 50 72 9.5 16.1 5.9 3.5 0 10.2 0.007 0.026 0.054 0.7
20170319 54 74 10.9 18.9 3.2 0.3 0 15.7 0.005 0.026 0.044 0.7
20170320 68 97 10.2 15.5 6.0 8.3 0 9.5 0.006 0.009 0.064 0.8
20170321 67 99 7.4 12.6 4.3 2.0 0 8.3 0.006 0.029 0.032 0.6
20170322 31 51 7.6 14.1 1.9 4.8 0 12.2 0.005 0.028 0.034 0.5
20170323 42 72 9.1 15.0 5.1 4.6 0 9.9 0.006 0.026 0.044 0.6
20170324 35 58 8.7 15.2 3.9 6.8 0 11.3 0.005 0.02 0.044 0.6
20170325 42 64 8.1 12.6 5.0 6.0 0 7.6 0.006 0.023 0.042 0.6
20170326 43 60 7.3 11.6 4.8 7.1 0 6.8 0.006 0.031 0.031 0.5
20170327 54 73 6.1 10.9 4.4 6.0 0.4 6.5 0.005 0.033 0.031 0.8
20170328 57 81 7.1 12.7 2.5 6.4 0 10.2 0.005 0.02 0.044 0.7
20170329 39 55 8.8 14.4 4.7 4.3 0 9.7 0.005 0.034 0.034 0.6
20170330 42 66 10.6 17.1 4.1 4.9 0 13.0 0.005 0.025 0.045 0.6
20170331 33 49 8.6 12.4 4.9 8.3 1.5 7.5 0.004 0.02 0.038 0.6
20170401 16 23 9.0 15.1 4.8 4.8 1.0 10.3 0.004 0.03 0.026 0.4
20170402 33 46 9.0 15.8 3.1 0.9 0 12.7 0.004 0.034 0.03 0.5
20170403 53 77 11.4 19.2 4.3 0.0 0 14.9 0.006 0.033 0.045 0.6
20170404 46 73 14.1 21.8 6.7 4.0 0 15.1 0.006 0.033 0.051 0.7
20170405 30 48 12.0 14.2 10.8 9.9 37.5 3.4 0.005 0.02 0.049 0.6
20170406 18 26 10.4 12.4 9.4 9.6 3.0 3.0 0.004 0.024 0.028 0.4
20170407 28 42 14.5 23.5 9.0 6.8 0 14.5 0.004 0.02 0.039 0.5
20170408 41 62 13.0 19.9 8.6 8.3 0.5 11.3 0.005 0.021 0.04 0.6
20170409 26 40 14.8 20.5 10.6 8.0 0.5 9.9 0.004 0.031 0.021 0.5
20170410 16 27 16.5 23.3 10.1 5.5 0 13.2 0.004 0.034 0.027 0.4
20170411 23 56 15.3 20.2 11.5 5.3 0 8.7 0.004 0.035 0.028 0.4
20170412 12 64 11.5 16.4 8.8 1.9 0 7.6 0.004 0.039 0.018 0.3
20170413 26 69 12.7 19.6 6.3 3.0 0.0 13.3 0.006 0.036 0.03 0.5
20170414 22 56 13.0 17.7 10.1 6.9 6.0 7.6 0.005 0.046 0.027 0.5
20170415 31 66 16.8 24.3 10.9 3.3 0 13.4 0.006 0.045 0.03 0.5
20170416 31 60 18.7 24.4 12.9 8.1 0 11.5 0.006 0.032 0.039 0.6
20170417 25 47 14.7 18.0 11.2 8.3 5.5 6.8 0.005 0.023 0.041 0.6
20170418 21 41 11.7 17.4 9.4 5.3 7.5 8.0 0.004 0.026 0.03 0.5
20170419 17 84 12.6 18.4 7.0 2.0 0 11.4 0.004 0.032 0.022 0.4
20170420 22 83 12.9 18.2 9.9 7.4 0.1 8.3 0.005 0.029 0.035 0.4
20170421 24 68 13.1 19.3 7.6 3.1 0 11.7 0.005 0.029 0.038 0.5
20170422 25 62 14.8 22.5 8.5 0.5 0 14.0 0.004 0.031 0.033 0.5
20170423 23 49 14.9 21.7 8.9 0.1 0 12.8 0.005 0.044 0.027 0.5
20170424 19 42 15.1 21.3 8.3 4.8 0 13.0 0.005 0.041 0.031 0.4
20170425 30 59 16.0 20.4 12.9 7.9 0 7.5 0.005 0.043 0.031 0.5
20170426 16 44 15.1 20.2 10.5 2.0 0 9.7 0.004 0.04 0.018 0.4
20170427 14 45 13.6 19.8 7.9 0.4 0 11.9 0.005 0.038 0.022 0.4
20170428 24 64 14.4 21.5 8.9 3.3 0 12.6 0.007 0.037 0.029 0.6
20170429 27 63 17.1 23.7 9.6 0.0 0 14.1 0.006 0.039 0.031 0.6
20170430 49 91 19.3 27.8 13.7 0.0 0 14.1 0.008 0.071 0.022 0.6
20170501 48 92 20.1 28.3 12.8 0.0 0 15.5 0.005 0.057 0.029 0.6
20170502 48 99 20.7 28.0 15.2 3.1 0 12.8 0.006 0.043 0.043 0.6
20170503 32 70 21.5 30.2 14.5 0.0 0 15.7 0.005 0.055 0.038 0.5
20170504 31 64 21.0 27.5 14.8 7.4 0 12.7 0.005 0.036 0.037 0.5
20170505 24 56 20.9 27.0 15.5 5.1 0 11.5 0.005 0.038 0.019 0.4
20170506 20 194 14.9 19.3 10.0 0.9 0 9.3 0.004 0.041 0.016 0.3
20170507 16 92 16.6 22.8 10.9 0.5 0 11.9 0.005 0.043 0.019 0.4
20170508 36 173 17.9 23.5 11.1 7.3 0 12.4 0.007 0.044 0.035 0.5
20170509 31 125 17.1 22.6 15.3 9.4 2.5 7.3 0.006 0.023 0.037 0.5
20170510 20 43 16.4 20.8 14.2 6.9 2.5 6.6 0.004 0.032 0.022 0.4
20170511 33 71 19.3 24.8 13.1 7.6 0.0 11.7 0.006 0.033 0.035 0.5
20170512 42 74 19.1 21.1 16.8 8.0 0 4.3 0.006 0.036 0.037 0.6
20170513 26 50 16.4 22.6 12.4 6.8 6.0 10.2 0.004 0.041 0.023 0.4
20170514 14 59 15.7 20.7 11.0 0.6 0 9.7 0.004 0.043 0.015 0.3
20170515 11 44 16.0 20.1 12.3 5.5 0.0 7.8 0.004 0.033 0.022 0.3
20170516 15 35 17.1 22.3 13.3 6.4 0 9.0 0.005 0.032 0.028 0.4
20170517 18 39 18.7 25.9 12.3 0.5 0 13.6 0.006 0.033 0.034 0.4
20170518 26 48 20.4 26.9 13.9 1.5 0 13.0 0.006 0.045 0.035 0.5
20170519 25 47 21.1 27.9 15.1 0.0 0 12.8 0.006 0.045 0.031 0.4
20170520 21 38 20.9 27.3 15.4 5.1 0 11.9 0.006 0.039 0.032 0.4
20170521 19 32 21.5 27.6 16.0 2.8 0 11.6 0.005 0.039 0.022 0.4
20170522 26 43 21.8 28.0 15.9 2.8 0 12.1 0.005 0.032 0.027 0.4
20170523 22 35 20.0 24.4 17.2 9.1 5.0 7.2 0.005 0.018 0.029 0.4
20170524 15 26 21.8 27.8 16.9 2.9 0.1 10.9 0.004 0.026 0.025 0.4
20170525 14 38 19.2 24.4 14.4 0.9 0 10.0 0.005 0.038 0.025 0.4
20170526 8 24 17.7 23.2 12.4 1.9 0 10.8 0.004 0.036 0.019 0.3
20170527 14 33 19.5 26.4 13.7 0.1 0 12.7 0.005 0.039 0.028 0.4
20170528 22 45 21.2 27.9 14.4 1.0 0 13.5 0.005 0.051 0.023 0.4
20170529 36 69 22.9 29.3 18.1 4.6 0 11.2 0.007 0.06 0.025 0.5
20170530 23 49 23.6 30.3 18.6 6.0 0 11.7 0.006 0.041 0.032 0.4
20170531 20 38 23.3 29.6 17.7 5.4 0 11.9 0.005 0.029 0.035 0.4
20170601 18 38 23.3 27.0 20.0 4.3 0 7.0 0.004 0.037 0.016 0.3
20170602 10 29 20.5 25.6 15.5 3.1 0.0 10.1 0.004 0.039 0.016 0.3
20170603 11 31 20.5 26.5 16.1 1.9 0 10.4 0.004 0.038 0.016 0.4
20170604 11 29 21.7 28.1 15.1 1.8 0 13.0 0.004 0.043 0.018 0.3
20170605 13 26 24.2 30.3 16.4 4.9 0.0 13.9 0.004 0.047 0.026 0.4
20170606 10 21 19.4 23.9 14.5 9.8 15.5 9.4 0.004 0.04 0.019 0.3
20170607 10 16 17.6 19.2 15.1 8.8 12.5 4.1 0.003 0.026 0.021 0.4
20170608 28 44 20.1 25.9 15.1 3.9 0 10.8 0.004 0.054 0.022 0.6
20170609 38 60 21.2 25.7 17.9 6.9 0.1 7.8 0.005 0.056 0.023 0.6
20170610 23 49 21.5 27.5 16.7 6.9 4.5 10.8 0.004 0.044 0.021 0.4
20170611 9 29 22.8 29.6 14.8 1.0 0 14.8 0.004 0.036 0.021 0.3
20170612 12 31 22.1 28.0 17.0 4.9 0 11.0 0.004 0.046 0.019 0.3
20170613 17 36 21.5 25.9 18.3 7.0 0.0 7.6 0.004 0.032 0.02 0.3
20170614 21 44 21.8 26.8 17.8 1.6 0 9.0 0.004 0.038 0.022 0.4
20170615 26 52 23.1 29.6 18.0 1.5 0 11.6 0.005 0.044 0.024 0.4
20170616 38 68 25.5 32.7 20.0 1.3 0 12.7 0.006 0.06 0.027 0.5
20170617 30 52 24.2 29.9 20.6 0.0 0 9.3 0.007 0.062 0.024 0.5
20170618 26 45 24.3 31.8 18.6 0.8 0 13.2 0.005 0.047 0.024 0.4
20170619 32 53 24.8 30.2 19.5 5.6 0 10.7 0.005 0.036 0.034 0.5
20170620 30 53 26.0 32.7 20.0 6.6 0.0 12.7 0.005 0.043 0.036 0.5
20170621 34 58 25.4 31.6 21.7 3.0 0.0 9.9 0.005 0.039 0.025 0.4
20170622 23 38 25.3 30.4 21.2 3.9 0 9.2 0.004 0.038 0.021 0.4
20170623 23 44 26.7 34.1 21.3 4.1 0 12.8 0.004 0.038 0.032 0.4
20170624 23 42 24.5 27.8 21.5 9.5 3.5 6.3 0.006 0.02 0.043 0.5
20170625 22 36 23.8 28.4 21.0 7.1 1.5 7.4 0.004 0.036 0.025 0.5
20170626 17 27 23.1 29.9 20.1 8.8 29.0 9.8 0.004 0.034 0.024 0.4
20170627 19 30 25.2 30.5 20.8 6.4 0.0 9.7 0.004 0.039 0.024 0.4
20170628 32 48 26.0 30.5 22.5 6.1 0 8.0 0.005 0.042 0.026 0.5
20170629 35 51 26.2 31.5 21.9 3.8 0 9.6 0.005 0.04 0.027 0.5
20170630 37 54 25.9 30.9 22.2 4.9 0 8.7 0.004 0.041 0.024 0.5
20170701 30 43 25.3 30.7 22.4 9.4 0.5 8.3 0.004 0.034 0.023 0.5
20170702 17 26 24.3 26.8 21.9 10.0 92.0 4.9 0.004 0.019 0.016 0.3
20170703 15 23 24.7 27.4 21.9 9.9 67.5 5.5 0.004 0.028 0.017 0.3
20170704 24 34 26.7 31.6 23.8 6.5 0.5 7.8 0.004 0.034 0.021 0.4
20170705 28 40 27.4 32.6 23.3 4.8 0 9.3 0.004 0.044 0.024 0.4
20170706 34 48 27.6 34.6 23.9 7.1 34.0 10.7 0.005 0.045 0.03 0.5
20170707 13 22 26.4 28.4 24.4 9.5 16.5 4.0 0.004 0.015 0.024 0.4
20170708 17 26 26.0 27.6 24.6 9.9 4.5 3.0 0.004 0.021 0.018 0.4
20170709 18 26 26.3 30.3 23.8 9.6 32.5 6.5 0.004 0.023 0.021 0.4
20170710 9 14 24.0 25.4 22.6 10.0 144.5 2.8 0.004 0.015 0.022 0.3
20170711 26 39 26.0 30.9 22.2 8.8 1.0 8.7 0.004 0.035 0.022 0.4
20170712 32 47 27.1 31.1 24.9 6.1 0.0 6.2 0.004 0.041 0.021 0.4
20170713 35 50 27.6 32.1 23.1 2.6 0 9.0 0.004 0.04 0.028 0.5
20170714 34 48 28.7 33.0 26.1 7.0 0.0 6.9 0.005 0.036 0.027 0.5
20170715 14 20 25.0 27.3 23.4 10.0 42.5 3.9 0.004 0.022 0.02 0.4
20170716 12 17 26.2 28.8 23.4 9.4 22.5 5.4 0.004 0.019 0.018 0.3
20170717 14 23 26.8 29.0 24.0 9.1 7.5 5.0 0.004 0.018 0.021 0.3
20170718 17 26 26.5 30.7 23.9 7.4 2.5 6.8 0.004 0.026 0.026 0.4
20170719 26 38 28.3 34.1 24.5 5.9 0 9.6 0.004 0.041 0.025 0.4
20170720 38 52 29.9 34.9 26.0 2.4 0 8.9 0.005 0.041 0.028 0.5
20170721 45 59 29.8 32.4 27.3 8.6 0 5.1 0.005 0.056 0.023 0.5
20170722 42 57 29.3 32.5 27.5 9.5 0.5 5.0 0.005 0.041 0.022 0.5
20170723 35 49 27.0 28.1 26.1 9.8 133.5 2.0 0.004 0.034 0.018 0.5
20170724 22 34 26.2 27.3 25.6 9.4 3.0 1.7 0.004 0.016 0.031 0.6
20170725 15 27 29.4 35.4 24.6 4.3 0 10.8 0.004 0.024 0.021 0.5
20170726 10 18 28.7 32.8 24.2 3.5 0 8.6 0.004 0.039 0.018 0.3
20170727 17 28 27.1 29.7 24.9 9.4 3.5 4.8 0.004 0.027 0.031 0.4
20170728 19 30 25.5 26.9 24.8 9.6 8.5 2.1 0.004 0.012 0.03 0.5
20170729 8 26 27.2 30.1 25.0 7.5 0.0 5.1 0.004 0.025 0.017 0.4
20170730 15 22 27.9 32.6 24.7 7.9 0 7.9 0.004 0.039 0.014 0.4
20170731 13 22 25.7 27.1 24.8 9.6 3.5 2.3 0.004 0.011 0.03 0.5
20170801 12 22 28.6 33.0 24.1 7.0 2.0 8.9 0.004 0.024 0.026 0.4
20170802 23 36 30.0 33.0 26.6 5.1 0 6.4 0.004 0.038 0.03 0.5
20170803 14 24 30.2 33.9 27.2 5.6 0 6.7 0.004 0.035 0.022 0.4
20170804 18 27 30.3 35.3 25.9 6.3 0 9.4 0.004 0.044 0.02 0.4
20170805 21 31 31.4 34.8 27.6 4.1 0.0 7.2 0.004 0.04 0.023 0.4
20170806 18 25 29.8 34.0 28.2 6.9 5.0 5.8 0.004 0.031 0.019 0.4
20170807 22 33 29.2 34.4 26.4 3.3 0 8.0 0.004 0.045 0.017 0.4
20170808 28 42 28.2 31.0 25.5 8.0 0 5.5 0.005 0.049 0.023 0.5
20170809 23 33 27.6 32.0 24.6 9.1 2.5 7.4 0.004 0.035 0.022 0.5
20170810 5 8 24.8 26.3 23.9 9.9 5.5 2.4 0.003 0.023 0.018 0.4
20170811 6 11 27.0 32.4 23.9 5.9 0.5 8.5 0.004 0.022 0.019 0.3
20170812 6 11 27.8 32.6 23.2 5.6 0 9.4 0.004 0.022 0.016 0.3
20170813 6 10 26.3 28.4 24.2 8.9 0.0 4.2 0.004 0.02 0.012 0.3
20170814 4 9 24.6 27.1 23.1 9.6 1.5 4.0 0.004 0.011 0.013 0.3
20170815 4 7 21.9 24.0 20.8 10.0 93.5 3.2 0.003 0.01 0.013 0.3
20170816 4 7 23.3 26.8 20.5 9.6 2.0 6.3 0.004 0.012 0.014 0.3
20170817 6 12 24.8 27.7 21.2 8.1 0.5 6.5 0.003 0.012 0.022 0.4
20170818 17 26 26.3 30.6 23.9 8.3 0.0 6.7 0.005 0.019 0.031 0.5
20170819 15 25 26.1 28.7 23.1 8.1 0.0 5.6 0.003 0.023 0.025 0.5
20170820 7 11 23.2 25.8 22.0 10.0 124.5 3.8 0.003 0.021 0.015 0.4
20170821 8 14 25.8 29.2 23.7 7.6 5.0 5.5 0.004 0.017 0.019 0.3
20170822 10 17 27.3 31.5 23.4 4.4 0 8.1 0.005 0.022 0.023 0.4
20170823 10 20 27.2 30.2 24.6 9.4 31.5 5.6 0.004 0.008 0.02 0.4
20170824 9 21 26.5 28.1 23.9 7.9 14.0 4.2 0.004 0.016 0.016 0.4
20170825 13 26 25.3 30.6 22.2 6.0 0 8.4 0.005 0.025 0.028 0.5
20170826 11 25 24.2 29.2 19.0 1.9 0 10.2 0.004 0.029 0.022 0.4
20170827 13 23 22.7 26.7 19.0 8.3 0.0 7.7 0.004 0.018 0.026 0.4
20170828 17 29 21.5 26.5 18.3 9.1 9.0 8.2 0.004 0.016 0.032 0.5
20170829 8 18 19.5 24.0 17.0 6.5 0 7.0 0.004 0.026 0.013 0.3
20170830 10 25 19.8 23.9 16.1 7.1 0 7.8 0.005 0.016 0.029 0.4
20170831 20 35 22.2 27.6 16.6 0.9 0 11.0 0.004 0.027 0.029 0.5
20170901 12 23 23.3 29.7 17.1 0.4 0 12.6 0.004 0.026 0.021 0.4
20170902 15 26 23.8 29.6 18.6 2.9 0 11.0 0.004 0.028 0.024 0.4
20170903 20 31 23.7 29.2 19.0 3.0 0 10.2 0.004 0.04 0.022 0.5
20170904 18 27 24.6 30.1 19.7 6.1 0 10.4 0.004 0.029 0.03 0.4
20170905 13 24 21.9 23.7 20.4 8.8 0.0 3.3 0.004 0.01 0.035 0.5
20170906 17 27 20.6 24.0 18.5 9.6 2.0 5.5 0.004 0.011 0.037 0.5
20170907 25 35 22.4 27.5 17.8 5.6 0 9.7 0.004 0.029 0.027 0.5
20170908 33 49 24.3 29.9 20.4 3.8 0 9.5 0.005 0.03 0.031 0.7
20170909 40 58 23.8 28.2 19.2 2.8 0 9.0 0.005 0.033 0.032 0.7
20170910 36 50 23.0 26.1 19.9 9.3 0.5 6.2 0.004 0.024 0.03 0.7
20170911 16 22 21.2 24.6 18.6 7.6 24.0 6.0 0.003 0.027 0.022 0.5
20170912 13 25 22.1 27.9 17.7 0.6 0 10.2 0.004 0.023 0.025 0.4
20170913 10 23 21.4 27.5 15.9 0.0 0 11.6 0.004 0.024 0.027 0.4
20170914 12 27 22.4 29.5 14.8 1.5 0 14.7 0.004 0.023 0.029 0.4
20170915 8 15 22.6 27.9 17.8 3.9 0 10.1 0.003 0.028 0.016 0.3
20170916 5 10 22.0 27.6 16.7 3.1 0 10.9 0.003 0.026 0.013 0.3
20170917 5 9 23.1 29.2 19.0 3.5 0 10.2 0.003 0.026 0.011 0.3
20170918 10 19 21.9 27.6 16.4 1.8 0 11.2 0.004 0.026 0.022 0.4
20170919 40 62 22.6 25.8 20.1 7.9 8.0 5.7 0.005 0.046 0.024 0.6
20170920 10 24 19.5 24.9 14.1 0.8 0 10.8 0.004 0.027 0.02 0.4
20170921 15 28 20.3 27.0 14.2 0.5 0 12.8 0.004 0.025 0.036 0.5
20170922 19 31 20.6 26.8 15.4 3.5 0 11.4 0.005 0.034 0.035 0.5
20170923 25 52 21.8 27.3 17.6 6.6 0.0 9.7 0.005 0.031 0.03 0.5
20170924 37 62 22.4 27.9 18.8 6.9 0.0 9.1 0.004 0.039 0.022 0.6
20170925 26 44 23.4 30.1 17.4 2.5 0 12.7 0.004 0.027 0.035 0.6
20170926 26 45 25.1 31.4 19.4 4.9 0.0 12.0 0.004 0.032 0.034 0.5
20170927 23 40 22.7 27.3 19.9 8.8 0.5 7.4 0.004 0.022 0.031 0.5
20170928 8 23 19.2 25.3 14.2 2.5 0 11.1 0.004 0.028 0.017 0.4
20170929 9 21 17.4 23.5 11.2 3.1 0 12.3 0.005 0.024 0.025 0.4
20170930 18 34 20.0 25.9 14.7 3.5 0 11.2 0.005 0.026 0.032 0.5
20171001 20 32 18.2 21.2 15.5 8.9 4.0 5.7 0.004 0.018 0.028 0.5
20171002 10 19 22.0 29.4 15.6 2.6 1.5 13.8 0.004 0.029 0.016 0.4
20171003 11 35 17.6 23.6 13.4 5.8 0 10.2 0.004 0.026 0.013 0.3
20171004 9 21 16.7 24.3 10.7 6.6 0 13.6 0.004 0.025 0.013 0.3
20171005 7 14 18.7 23.4 13.9 8.0 0 9.5 0.004 0.024 0.015 0.3
20171006 7 11 18.9 23.3 16.2 8.5 0.5 7.1 0.004 0.024 0.013 0.3
20171007 6 9 21.9 28.8 16.9 7.5 0.0 11.9 0.003 0.021 0.019 0.4
20171008 13 18 23.0 28.7 19.3 4.8 0 9.4 0.005 0.024 0.023 0.5
20171009 17 25 22.5 27.6 19.8 6.5 0.0 7.8 0.006 0.026 0.026 0.5
20171010 18 28 21.4 24.8 18.6 9.3 0.4 6.2 0.004 0.013 0.03 0.5
20171011 7 11 15.5 21.7 12.2 9.3 20.0 9.5 0.003 0.02 0.015 0.4
20171012 11 21 11.4 13.8 8.8 7.1 0 5.0 0.004 0.011 0.023 0.4
20171013 15 27 12.8 18.9 6.1 3.4 0 12.8 0.004 0.017 0.026 0.4
20171014 12 22 14.4 20.5 9.0 4.9 0 11.5 0.004 0.022 0.025 0.5
20171015 11 21 15.8 23.0 9.0 5.4 0 14.0 0.004 0.023 0.023 0.5
20171016 16 30 16.6 22.0 13.6 7.9 0 8.4 0.004 0.018 0.029 0.5
20171017 20 38 16.2 23.9 9.2 0.4 0 14.7 0.004 0.018 0.036 0.5
20171018 13 24 16.5 19.1 14.2 9.3 0.1 4.9 0.004 0.019 0.028 0.4
20171019 10 18 17.0 23.2 11.9 3.8 0 11.3 0.004 0.02 0.027 0.4
20171020 16 31 17.0 24.2 11.1 0.1 0 13.1 0.004 0.016 0.036 0.5
20171021 21 38 17.6 25.2 11.0 0.0 0 14.2 0.004 0.017 0.036 0.6
20171022 13 25 16.3 23.5 11.0 1.8 0 12.5 0.004 0.027 0.019 0.4
20171023 10 24 13.7 20.6 8.6 0.0 0 12.0 0.004 0.025 0.025 0.4
20171024 15 31 14.4 20.9 9.9 3.0 0 11.0 0.004 0.015 0.035 0.5
20171025 22 41 14.4 20.6 9.5 2.9 0 11.1 0.004 0.017 0.039 0.6
20171026 28 51 14.5 18.1 10.7 8.6 0 7.4 0.005 0.012 0.047 0.7
20171027 34 58 16.9 24.2 11.9 1.9 0 12.3 0.005 0.018 0.048 0.8
20171028 27 45 17.2 24.8 10.6 0.1 0 14.2 0.004 0.02 0.043 0.7
20171029 22 65 11.5 17.2 6.3 0.0 0 10.9 0.004 0.025 0.022 0.5
20171030 13 35 7.7 13.2 2.5 0.0 0 10.7 0.004 0.022 0.022 0.4
20171031 14 33 10.4 16.0 3.6 1.8 0 12.4 0.005 0.012 0.038 0.6
20171101 20 38 14.4 18.1 11.5 8.5 0 6.6 0.005 0.02 0.036 0.5
20171102 26 46 15.5 18.0 14.0 8.8 1.0 4.0 0.005 0.023 0.035 0.5
20171103 26 38 12.3 16.6 6.1 5.6 1.5 10.5 0.005 0.028 0.022 0.5
20171104 40 53 7.8 13.7 4.5 2.4 0 9.2 0.004 0.022 0.022 0.5
20171105 27 39 8.4 15.4 2.6 3.3 0 12.8 0.004 0.013 0.035 0.6
20171106 20 33 11.4 16.5 8.0 5.5 0 8.5 0.005 0.01 0.043 0.6
20171107 25 42 14.4 18.4 9.2 9.1 0.0 9.2 0.005 0.006 0.05 0.7
20171108 29 65 13.1 17.2 6.9 3.9 0.0 10.3 0.005 0.03 0.023 0.5
20171109 24 50 9.4 16.8 3.7 0.0 0 13.1 0.005 0.01 0.043 0.6
20171110 21 44 9.8 15.9 5.3 4.4 7.5 10.6 0.005 0.014 0.035 0.6
20171111 13 70 5.9 10.7 2.7 0.0 0 8.0 0.004 0.018 0.02 0.4
20171112 18 31 5.3 11.4 0.3 1.5 0 11.1 0.004 0.01 0.034 0.6
20171113 24 41 8.4 11.8 3.1 7.9 4.5 8.7 0.005 0.006 0.042 0.7
20171114 17 45 7.5 11.4 2.9 1.9 0 8.5 0.005 0.018 0.023 0.5
20171115 11 25 3.2 6.5 -1.1 4.1 0 7.6 0.004 0.02 0.02 0.4
20171116 14 25 1.0 6.4 -3.4 0.0 0 9.8 0.005 0.014 0.028 0.5
20171117 24 42 3.0 5.8 -1.6 8.5 0.0 7.4 0.005 0.004 0.044 0.7
20171118 22 39 -2.1 2.6 -4.8 0.0 0 7.4 0.004 0.023 0.013 0.4
20171119 12 24 -1.6 3.5 -6.6 2.8 0 10.1 0.004 0.02 0.018 0.5
20171120 22 38 -0.4 4.2 -3.9 3.5 0.0 8.1 0.005 0.009 0.036 0.6
20171121 31 50 1.3 8.1 -4.2 1.1 0 12.3 0.005 0.005 0.047 0.8
20171122 30 62 4.3 10.8 0.6 5.1 0.5 10.2 0.005 0.011 0.038 0.7
20171123 11 23 0.9 4.7 -2.5 4.8 1.2 7.2 0.005 0.014 0.025 0.5
20171124 12 20 -0.4 2.9 -2.5 3.3 0.0 5.4 0.004 0.011 0.026 0.5
20171125 16 25 3.0 7.3 -3.3 7.5 24.0 10.6 0.004 0.005 0.041 0.7
20171126 23 37 3.3 7.6 -0.3 4.3 0 7.9 0.004 0.011 0.031 0.7
20171127 29 48 2.5 9.5 -2.9 0.9 0 12.4 0.005 0.005 0.046 0.8
20171128 46 71 6.4 11.2 1.3 8.4 0.5 9.9 0.007 0.004 0.059 1.0
20171129 25 61 3.2 8.1 -1.8 5.4 0.0 9.9 0.005 0.013 0.029 0.5
20171130 9 24 -2.4 2.7 -5.2 2.0 0 7.9 0.004 0.023 0.019 0.4
20171201 13 24 -2.2 3.1 -7.6 2.3 0.0 10.7 0.005 0.013 0.033 0.5
20171202 24 39 1.9 8.1 -4.6 3.8 0 12.7 0.005 0.006 0.042 0.7
20171203 35 51 4.9 8.1 3.1 9.0 4.0 5.0 0.005 0.005 0.04 0.7
20171204 26 43 -1.2 4.5 -6.1 1.4 0.1 10.6 0.005 0.019 0.021 0.5
20171205 11 22 -4.2 -0.4 -8.2 1.6 0.1 7.8 0.005 0.018 0.022 0.4
20171206 22 32 0.2 6.0 -4.5 7.0 1.2 10.5 0.004 0.006 0.037 0.6
20171207 32 45 0.7 4.6 -3.5 3.5 0 8.1 0.005 0.011 0.032 0.7
20171208 21 31 -3.8 -0.5 -7.1 2.1 0 6.6 0.005 0.015 0.024 0.5
20171209 24 39 -0.5 5.4 -5.6 2.8 0 11.0 0.005 0.004 0.046 0.7
20171210 25 38 1.1 6.7 -2.5 7.0 4.1 9.2 0.005 0.012 0.03 0.6
20171211 10 47 -7.0 -2.5 -11.0 0.3 0 8.5 0.004 0.018 0.013 0.3
20171212 17 33 -9.4 -5.2 -12.3 0.0 0 7.1 0.005 0.015 0.019 0.4
20171213 20 36 -8.7 -4.4 -12.0 0.0 0 7.6 0.005 0.012 0.028 0.5
20171214 36 55 -6.6 -1.9 -11.2 5.9 0 9.3 0.005 0.004 0.045 0.8
20171215 58 83 -3.0 0.9 -7.5 7.3 0.0 8.4 0.006 0.002 0.063 1.2
20171216 27 41 -5.7 -2.6 -8.1 0.0 0 5.5 0.005 0.018 0.019 0.5
20171217 14 39 -6.7 -2.3 -10.8 1.1 0 8.5 0.005 0.019 0.021 0.5
20171218 35 55 -1.6 3.3 -5.9 6.8 3.4 9.2 0.005 0.005 0.044 0.8
20171219 20 46 -3.9 -1.0 -6.5 1.0 0 5.5 0.005 0.014 0.023 0.5
20171220 26 42 -3.9 -0.1 -8.5 7.1 0.2 8.4 0.005 0.004 0.042 0.7
20171221 39 52 -0.9 4.6 -5.6 0.4 0 10.2 0.005 0.004 0.048 0.8
20171222 43 58 3.4 6.6 -1.9 8.4 0 8.5 0.006 0.004 0.054 0.9
20171223 80 111 6.1 8.7 5.0 8.0 0 3.7 0.007 0.008 0.052 1.0
20171224 58 78 2.9 5.7 -0.6 6.6 20.0 6.3 0.005 0.014 0.036 0.8
20171225 16 30 -2.1 0.6 -4.9 2.1 0 5.5 0.005 0.021 0.02 0.4
20171226 14 29 -3.8 -1.1 -7.9 0.3 0 6.8 0.005 0.016 0.024 0.4
20171227 14 28 -6.9 -2.6 -10.3 0.0 0 7.7 0.005 0.014 0.025 0.5
20171228 28 46 -2.1 0.8 -6.8 8.5 0.0 7.6 0.005 0.005 0.043 0.7
20171229 67 97 2.1 6.0 -0.4 4.6 0.0 6.4 0.007 0.007 0.052 0.9
20171230 95 128 1.4 4.5 -1.2 9.3 0.7 5.7 0.006 0.005 0.052 1.0
20171231 36 63 -0.3 3.3 -3.2 1.9 1.0 6.5 0.005 0.02 0.021 0.6
